-536266075
-674852964
-782770514
-759957822
-1351150741
-292932680
-1336385176
-1275412874
-1061021602
-1920440142
-873248694
-1054123535
-1459832360
-855138813
-112490198
-1484304035
-2136500153
-1714585872
-900016853
-160068997
-50642731
-25946957
-1465709815
-915061200
-1144597982
-1606427458
-1635346724
-1439597418
-666045380
-1183168495
-2098969527
-438713702
-332394430
-471988051
-2078553089
-691987837
-1238901430
-596376817
-1633848754
-1350526800
-1267382558
-1433559136
-1198744848
-474050378
-690191960
-785431940
-1577063906
-408147882
-1942938447
-1467801163
-285653871
-429481896
-1881129010
-1490941733
44457996
58402024
455546057
275020172
1504283080
981989100
735091816
1626263195
1169774215
1126176171
1159509122
331046395
458858338
207348476
92069728
669146699
770589522
1559379260
1049422769
1071759120
489593422
1374067980
1098637282
338343041
1553943143
1552496748
658287880
1140341453
1590998502
695384859
683776039
1547935019
1363778415
434764060
864994882
647071562
1475372958
829798932
673754930
1661107904
1682342221
1750227055
1907251972
1904739754
1899478843
2037691762
