-12587055
701151900
315590714
1770223252
-1579265348
-368305257
731947556
-614482280
924678034
658733337
722551909
1173731375
-65705877
1314226332
-1223890512
1141000383
387313587
1269547653
1316050184
-590667835
1612295595
-1110989396
-1279246954
-778741731
-1814308264
-1497942979
102720444
470706560
-1925991746
-1072737565
1570530153
596913741
-224590514
523224610
-1993680978
449905035
-990402044
-450321519
720189741
1728458580
-313049097
-1046645727
1307017368
-565841810
-761907467
1697107914
-2101749917
437039776
-604778011
-438614294
-469157795
1529598996
968396865
695769507
-377869101
1867710299
136789240
-878582030
212127762
-573685088
-1590327404
674904320
1095173930
-1817057760
-1731032161
-1421802824
1157361909
1598600665
1795418691
-210804071
430690903
1722856065
-2098839860
-413662522
64839097
809030082
916033145
-1441096436
1531948897
-1424595883
543815755
746205935
-749763541
151424639
1345072449
1761337372
-1883675440
522660813
-1948395170
-87395104
421405874
579833275
688529277
-368931265
-877311079
92689052
1427141723
-945829213
-1707002532
-1259757887
-1367680949
-1375674801
-1841867135
-137133964
-861609463
136844835
1615422980
-664419583
-1714293630
1700674610
-695359400
-1777895580
-568185997
256291217
-1984797008
-1138371516
1171713616
571384096
1586491760
-1263930069
-1893097273
1533185347
332174123
1457593409
691646221
-216955819
-1039754473
1160925573
-1213889093
-1643270448
1626185873
1552226193
1649630407
1824988373
815901491
745456273
-1818109500
1472241360
1376818509
1857815195
-481569759
72641602
-968086938
892151675
-2002452482
-1390914422
905883103
-1955268594
-1745041257
-107815656
385329887
-877971476
1866220666
-1975337371
476606900
843433556
-1489896904
-1416861858
-1378526693
1393224985
-224610743
-273553542
1415734718
-966448423
-1301062868
-275323378
-1209465091
-1326650251
-149483566
1593588447
-941813776
-1420826180
-1458606020
-2021393416
1474497964
-1627055767
-1413045150
-511175490
-1655008314
-1883803569
-474644138
534428225
776158228
-1589583918
1842223273
1831424212
-83140934
1236420505
-101361139
407094884
-847491455
-196957381
-797824781
1797514448
1553487572
-221865449
-1055608034
-1870771313
1506804154
369626385
198271872
-914526965
607450607
-1283877427
1616671262
-931337781
-1111368267
-1591817723
-975711755
-757862923
-1405562868
-625752402
-1985454254
-2035719404
-1310549727
1764180313
977215328
1714616859
1846908419
-2024158244
-1233230590
273437098
-2136860772
-384094671
-1668550942
1231273103
-1968340770
-444007779
375280330
-342987634
-362507204
-1837121516
1751468594
-915536539
-1736399781
-1107132709
-728648679
296606730
1445108745
714228591
-2097455080
-528587210
-901639827
-1364587611
-1364199757
1037671974
656267392
1680955922
1645712114
-1564254560
83806395
620370860
-2146377424
1634007859
-680220142
998556593
-1498425550
-1810655037
-1383087673
-207136390
-364574140
-425815390
-1172872739
812594629
1842751017
-1372583569
-2097251501
-1038389237
348768039
103196429
1638804047
1378640538
703129411
1179844301
-1211617390
-1914730856
1672634971
1374988401
-722621681
1767877353
-1053836922
-553455921
-274921911
424041354
-379399101
-1510239288
579774772
1081234370
-1172350820
-221401193
-557086472
1553358742
1314840968
-607997590
-2083037451
-1387241343
1134449971
-1839240860
-84676682
-1503157569
1636428810
462103995
-1388243823
1826245126
-1805640288
1597898769
676249020
1593967153
-151602251
-1267841718
-242288077
-2117241426
-1134580624
-166466930
-1515478613
1083392235
21842981
722702728
310055154
869454270
1708103433
-1491610689
484763068
-1117000565
-1499418808
-1937267935
-1125479492
327629731
-1623170285
-358817490
-1168772873
-958041449
-307233079
1714762392
-1237117549
294335422
-1672900394
289508046
314125895
1273262086
189964857
640562724
-886145856
-331434645
1070512622
63747269
325209449
-1928425862
-376228924
318175175
-250596638
1492195183
-605709690
1632507876
-661926214
-2046554761
-532608013
-949435517
-1458401672
-498269092
848926587
-1439302462
-1296692283
-1446055959
-1431277649
-1338185273
-641440868
938004077
-898691678
654626453
-1009952326
-1048780217
-1912885818
1271616374
-2026098319
-933720441
1557443032
974734414
464644928
-2033590169
-346180817
1121837652
-585676906
-1494072119
750746619
-445702648
-910775367
-1314794170
-201862959
-805372828
-1860898583
1475469958
-2141335962
149265233
1533379012
-2108862511
719839130
-735934116
-1470600724
-211119130
46960568
-1351654231
-1851493621
-1578648324
-1234635481
1068495173
-538841259
921908740
70985991
-488774519
1454364523
927990371
1652385854
1307606866
802961890
581392716
-1921433358
-1378022668
1081002720
-381981468
-320699579
-438107567
-1519993396
1047654621
-830415656
-1801872245
-1820369873
-1475179923
-935409702
-1935228990
1092096519
1534459854
-277185122
1829481302
-2141805056
166439404
301646775
-1908244681
1246080912
-1666240694
-1111625964
-652667810
-1720786748
1127862939
-1792672886
1435781857
-1468671062
-1874260762
-1533085832
1106527775
-1840960903
-1365217979
763077949
337030418
-1024839758
273114472
562957608
-478250744
-851516327
-448502281
-1915933719
481673374
-456743384
349740143
-61643034
-986948153
-1491743848
1452048113
-2144476464
1582668447
-924196682
584400600
1475734592
-1054812583
-1813483928
1488080643
-996663199
1485578815
-1265075827
1369501128
-1670060904
-1566986038
-171288322
1798472047
-222864337
-871178715
965459151
638311122
449043781
1106252524
-417609573
-1709807159
-1048760875
1531176025
321997646
-1500309306
-1134713082
1582743433
-1258487524
4755606
-2110283100
-1600151737
316971890
-304033868
1140152627
641373027
-674902166
-890886264
-472341948
332699995
361563319
-1611829625
-541152341
1416999074
-147830679
-114232716
-389312717
-2132115645
-915598572
-344418039
1281287975
807715960
-2056205294
-1839097408
-1433334211
958540625
-349857438
1825604676
729240662
1244801343
-2063287784
429442911
-1748426169
1861111754
1439174515
1022557473
1843670682
-317105098
-923478019
1754861094
-2083933646
1818850054
-561819901
898136207
-1075287789
-1060893298
587220820
-211231708
-1226542125
-274788335
-807111316
1803740076
1541653807
-804014124
-1708396674
-929649935
255958170
895353288
279532887
-1027435666
-1067343600
1834077209
1315391854
1199252179
117889413
1045049429
1770833093
-553988862
-1221129826
933302820
-977863486
-2043012409
239764838
1536162548
557596670
-767678439
-1619456965
-724530216
-956347301
-1193655649
1550114569
532130221
1641640539
1510894709
-1065056838
747947902
-2009917009
126142255
-815859731
1238430505
801602318
-1890833635
-191554331
-1646294974
202272464
-722544957
1305259318
-1032973414
-2082135331
542182647
726924979
-1069706429
-942160416
-1998231052
-1624502969
986383959
-314919741
856932387
265916743
372202962
-47744782
625734896
338847908
1526807051
-1970326315
-251334726
349768916
353455233
28239472
-1448448284
-1339915883
-1356049847
-1751034599
-1381978922
1582916615
-930224722
1055247648
683956232
101491314
-782647575
-1178317517
-966000060
1477991384
1224517124
1303027459
-1579646374
-265687315
-296390616
-887115152
-442360450
-1543190168
613022786
1147159504
1132507440
565425352
1684316512
-2135725945
636357801
-564400258
-1278931548
-570184128
644049948
1171898596
-1792508634
23024127
-2082675650
-654452628
-414975207
-413379467
-1658224120
-358674133
-1464270954
1572283067
-1752806855
-1457551054
-603541144
418727972
-701672894
928851204
-608829410
-530944735
224200992
-1281462107
1840810853
382443107
-774095718
-523365721
-128053508
165567349
-744756722
-959824178
207063690
443089916
-1743725475
-1016713486
522490539
1784042815
-1380666073
-91240919
-1193533621
-772490263
-1158556360
-2037792220
-2054984905
-1019052531
-419375039
1028464345
-231032591
-1169948309
-260728886
1277857890
-1699671869
1719775729
-291182233
1760507684
530533508
-940864471
1717432884
-930348541
-1110011393
443677015
-1157565451
-101242582
591111803
-426767266
57507077
68518594
-1269718831
615429637
-431103655
-2116415908
-1893450842
-1307202978
-751669501
-873308906
1727689474
1061946627
876539254
608854317
-564496693
-1648180665
-1005463626
-142901658
1010029767
1403476555
-1502372901
-993209827
402787724
-528092028
-1838723823
-441676158
-1395045598
486179721
788788451
938126477
-1254793754
-1556657619
899172655
1187062704
-691659312
-1549141079
-1620893239
-536167112
-1838482958
773346403
264758241
-629459531
-228345592
1696173964
-873642990
-282165050
-1196816750
-527544775
1302663236
-810356074
1436147309
-2215760
539996445
-1165650374
850406757
1641491826
1110560439
-795670948
-868587762
-1937976197
-904721261
190491678
-620157741
661783239
-1309142836
96805455
1296812568
-1795601777
-1683543333
-1480290058
-1688523830
1193523961
-582431641
-1531793673
-1633433053
-1748026660
-1924340851
-166328000
-1414194389
983850391
1657041739
-405651501
-2095898172
1843693456
1467275241
-1595305186
1725926316
-196446943
-1788514678
283406360
1742874164
1075733149
1020887228
1649992454
-1395315210
474584790
-1844921890
-265893202
401646082
-2028434556
1331472377
-1200948521
1541016201
-276408578
1707176198
445519253
819098399
964001940
481840961
-1399650603
-303788523
-1081241612
1808468197
1320593842
1808560620
-941034176
-1649973025
-1434196710
-780983509
-1045623101
1106931377
1018718066
-26498974
7588355
1319393268
339736444
-310381475
-1886074463
-548775859
383299286
1505591189
806130006
-2138565931
-21910940
-1121491592
1706877745
-214388738
-723611472
1774125910
-1344229780
408188659
-1210905860
-1025537139
-734335134
-1702350274
-2095804127
922402989
783006355
-1388065998
1807225918
347999260
90221370
105576321
-1906703380
-1236701894
-146600547
-1173047551
-1732004154
-2056398169
125725106
-2011591225
-114639233
97474739
-125058561
704764901
-335256818
-352094806
-1984096444
-1490749538
-1602253790
1488006735
-635839344
-689796899
-1012580437
194642189
1746301038
-1449895743
500670511
-688559874
-494749219
-204181535
-1969290519
771487952
1277657262
-886826808
-2047925873
861652387
571092706
388063672
879781466
-2068700277
-1219891318
-1486135503
645737182
1613529202
-62670288
-1744842700
-1750794685
-167585242
-1225377517
-740493096
1182517033
-773614791
1340265039
-548773429
849537636
215590170
-1729182145
1325806404
-818833590
-2122158814
-521910938
825571098
783376785
-2079486528
-1381672159
-875203284
489885934
1882361542
1882937517
1926181978
1889416654
1923150021
1923077865
1917081686
1933234545
1893568622
1891128367
1910880924
1918690494
1929192178
1941253860
1949275871
1950733174
1958186347
2052834917
2106440658
2126986214
2088749135
2003314557
2081006408
1961364825
1987615906
1991106444
1963607472
2136490381
2144754496
2004371993
2091207157
2081837857
1996248291
1990571620
2040536934
1991980219
2146833794
2067052913
1997358994
2019070364
2026720278
2128931868
2111410101
2134357905
1959561272
2108158312
1972947975
2056930735
2017492256
1985681018
2070933278
2054128625
2039462080
2077807583
2089310768
2145198103
2039696742
2029889981
1976182876
1977762135
1971754713
2004153014
2146050815
2045980762
2130984590
2047458962
2027416163
