-2145966196
-2144372657
-2134626587
-2133950264
-2133212676
-2128135438
-2127220323
-2124384717
-2123125213
-2122506271
-2117958488
-2114471923
-2109825342
-2108845808
-2104485752
-2100409732
-2096875651
-2094150506
-2088314341
-2087745457
-2082590818
-2079695040
-2077607750
-2073081739
-2072493657
-2066930419
-2061187995
-2058648766
-2046882361
-2041652882
-2038432955
-2036682881
-2032806191
-2023410168
-2020785050
-2019143371
-2017276839
-2016552545
-2016363532
-2011010061
-2008476551
-2005470129
-2002166635
-1998507573
-1997460450
-1997380381
-1996470111
-1995693884
-1990173520
-1985353690
-1976384291
-1975381753
-1969709899
-1964533725
-1958441629
-1958060067
-1955480874
-1948871570
-1944993992
-1942628221
-1940866718
-1938130961
-1936382208
-1935731553
-1935404835
-1931716979
-1928621238
-1927033372
-1925987811
-1922811463
-1920567029
-1919301611
-1919024655
-1909960803
-1906380592
-1893409802
-1887452361
-1879295021
-1878272839
-1870211002
-1856800407
-1851173334
-1848566896
-1846423116
-1846393320
-1840989974
-1836623988
-1835663665
-1819587652
-1817412832
-1816240400
-1804020445
-1802655948
-1802327256
-1799992349
-1796799305
-1788851084
-1788695352
-1778845844
-1776203056
-1775929984
-1775264919
-1771374898
-1770020831
-1769165172
-1764412846
-1763859763
-1761656077
-1761034016
-1753779434
-1747611133
-1746393266
-1741792870
-1736260494
-1735870959
-1726620181
-1726511210
-1724251902
-1715258155
-1712320434
-1709740238
-1705305693
-1702727131
-1701992703
-1697997544
-1697452261
-1696636754
-1695454738
-1693850322
-1689244962
-1689226618
-1688209707
-1685906394
-1682652471
-1679296176
-1677718272
-1671498289
-1659675161
-1645951848
-1641642619
-1633781336
-1622815749
-1622594824
-1615166378
-1609367874
-1605443543
-1603937685
-1599805631
-1598592188
-1588923894
-1586824472
-1583435340
-1572828498
-1570792398
-1569794593
-1565892810
-1564349071
-1558066133
-1556474419
-1556230749
-1544147795
-1540168733
-1535705379
-1534158474
-1526607420
-1514484027
-1513564582
-1510838959
-1510690193
-1509564091
-1509148246
-1504968867
-1504620508
-1500524981
-1490304026
-1486032272
-1478267333
-1471343084
-1458954219
-1452975420
-1452120606
-1451457075
-1447128624
-1441129925
-1440409408
-1440115455
-1438572636
-1433874719
-1424162972
-1410843942
-1405360226
-1399977741
-1398142891
-1393375681
-1393061089
-1382899505
-1377999336
-1374426716
-1373038614
-1371492535
-1367679957
-1362137404
-1359748616
-1355779846
-1354356988
-1339412268
-1333340706
-1333160039
-1332951252
-1329966524
-1327405282
-1325592727
-1309297293
-1303378637
-1303236185
-1301191484
-1292185732
-1289431452
-1287684394
-1282160984
-1272886476
-1258435572
-1220764811
-1219976961
-1218364306
-1216126236
-1212950957
-1207804010
-1198309053
-1197700002
-1193467383
-1189158273
-1186919683
-1175086785
-1174698699
-1171138918
-1169609484
-1164236904
-1163804669
-1163485010
-1162146686
-1160408468
-1159690936
-1159064256
-1154898377
-1145819197
-1140453901
-1140010720
-1133493988
-1128848161
-1127586619
-1126196772
-1125033032
-1115822167
-1113954545
-1113833447
-1110883608
-1108185881
-1095828661
-1089009896
-1080807336
-1074729245
-1071235986
-1067514376
-1064025852
-1054242149
-1049898707
-1042992401
-1034546609
-1030538345
-1026631035
-1024706286
-1018372909
-1015534628
-1010088742
-1005254914
-983841969
-982951457
-973145517
-967978399
-966547827
-963107707
-958080454
-956626490
-955987618
-954379025
-952647084
-949472161
-949115049
-948918307
-948782895
-939255136
-934820804
-927666871
-921377236
-921109174
-920096922
-914144057
-913992064
-896850896
-893185574
-887130504
-886767003
-882351013
-870649564
-866148814
-865279780
-863771066
-853297055
-848712502
-834657659
-827263763
-819753755
-811934773
-809141278
-806869794
-806512427
-805777804
-801593644
-801349925
-800990974
-787687147
-784942753
-783239076
-771546977
-762676182
-760778346
-755131166
-749246250
-747997596
-735673880
-728645498
-727059103
-722805168
-720585746
-719984672
-719028990
-718041073
-716665298
-711205335
-706071736
-700277097
-693599921
-685682583
-680853751
-680081033
-671074830
-667631515
-663366530
-662573746
-662480572
-658362981
-655905782
-651818403
-646357845
-643197289
-632893015
-629044116
-625620654
-613696970
-602408336
-600817848
-598286710
-597822378
-594294843
-592368314
-586333577
-565645967
-543632592
-537820818
-528296400
-526054484
-525445143
-507159773
-497140241
-489441634
-483668275
-482010165
-479927160
-466202421
-464736547
-459304692
-449562002
-447779810
-422191355
-410662366
-406483346
-390495694
-387631755
-382065136
-379930790
-373933002
-370648435
-365426742
-360904826
-356436042
-349894761
-348844568
-348257168
-346489146
-342032569
-335372390
-330099641
-323791179
-314693812
-312340106
-310053422
-308573147
-306865966
-305051034
-304552978
-304050172
-302140503
-301929018
-293063608
-286708653
-285937516
-273219668
-270783306
-267284962
-262120133
-257308622
-255300984
-253825487
-250829179
-249362347
-247893192
-232816287
-223653378
-222967664
-221244554
-209363747
-199661161
-199063723
-194601191
-187583994
-173071870
-173009814
-172704560
-171541493
-169860677
-168703702
-167756102
-167370651
-165695796
-161711581
-156199136
-136514447
-135852703
-133849654
-118082766
-116282242
-115473585
-113051934
-103680641
-103575735
-92391935
-89653584
-89532991
-88511105
-86220063
-81349588
-78690311
-77042328
-74705176
-67341902
-66550748
-65620361
-64638434
-61494576
-60270188
-56453073
-56309721
-29956461
-28843026
-23433508
-22970389
-22772304
-20854277
-18385183
-14067201
-12933104
-9816351
-2834294
-2748438
-1710505
607185
3302900
5131307
16477750
19229365
23686002
26734707
38560477
42030146
42467842
45003490
52044576
60817274
61487437
70200250
82833121
93435366
93781924
102312092
102632011
104117668
119697508
122239650
123989207
136096878
142706461
142784586
146176243
146565812
155700227
158731524
167117482
172240757
175073614
175649796
178592431
179108819
181962538
186301441
195892645
201268837
202913065
203860904
207166425
212592261
219718309
220610382
225206882
228461462
233294956
236114007
244716116
250761412
252111762
252723977
264806244
268406361
268797157
279052573
285211679
286052599
296513936
306214350
310218666
311865401
313843182
316261811
316294998
318367056
327778835
332653974
339173877
343991942
347727747
349225690
349306220
351830245
352094174
352100606
356798933
367589572
367685419
367815846
369603762
371616668
373684919
387798345
389179783
394371666
415248135
420657548
427681673
431800504
437103018
440725249
444168092
449867961
457653715
466443788
489726534
497644463
498986302
505965841
506175726
508715685
510779504
511125322
511329349
513089377
515023036
530809068
531245762
532539794
544242687
547037285
555015066
556132593
565045967
574741450
581328934
582283125
585587307
596660196
606659317
607528947
608731901
608744316
622207219
624722243
628258908
629234983
638341089
638424885
644786002
654222971
655111547
678071671
678730375
678775265
684556269
690007458
699057297
700721930
702089025
704859266
705671718
709936260
713164916
714747514
718920378
720999063
727295338
730818862
731562826
738072997
749554961
763394394
765377588
768307274
771775396
772890728
777312811
791669506
796383519
797006893
798777460
803398141
804459906
812215674
813218716
819181884
821488202
826599252
830522557
832395232
832717614
834462157
837729517
841392560
844653075
848614733
853042084
855762636
857512817
865251048
872761005
881514426
883646864
885009643
897438387
897759747
900952346
908580060
910171757
916826174
924963851
927225857
932422149
934298632
941252828
944508638
947586708
954550539
963047302
963138550
963684576
968812531
970806065
980517196
983938849
985894440
988240497
991128882
995549628
996007019
998771160
1000817499
1008188625
1009642714
1022590092
1024091457
1031259336
1034863498
1041354953
1041664887
1050877624
1053251551
1061123877
1061636421
1061987779
1068291626
1069643742
1070180665
1070767223
1071000429
1074429754
1075021542
1075038988
1077508704
1079139936
1082914048
1084646102
1086395982
1092543355
1099767063
1100977137
1111133178
1113313648
1117683251
1125702540
1127877021
1145437268
1147893611
1152946517
1153961628
1156767497
1169428565
1171120798
1171193712
1175309400
1175575267
1176366246
1178042101
1184612954
1185380560
1190501377
1195663932
1196178371
1199872822
1205153961
1206582879
1208212627
1221564180
1225979097
1233713645
1238902985
1246373510
1249168659
1255634061
1255708317
1261667562
1262495652
1262507451
1268766487
1272961048
1273336149
1278407733
1278967464
1280580862
1280999451
1285479595
1286341075
1287607297
1288465449
1296169646
1305583308
1305925642
1309633519
1314774008
1315907562
1317288631
1320294316
1322558282
1331619286
1334181579
1337737426
1339439526
1342893496
1343968047
1350730646
1357255813
1357417738
1358062094
1368530662
1368905775
1369016373
1372414308
1376493721
1376673013
1377396184
1379515093
1380789401
1385072020
1395472444
1397187509
1399587664
1402110563
1402611401
1408926930
1410116453
1413489449
1414129809
1416233412
1420408803
1421110921
1423503236
1427652345
1433222376
1434739084
1435248013
1436481344
1438385104
1443723312
1447111088
1458697770
1462523605
1462939060
1466238569
1469487818
1475603244
1484307738
1487404119
1489034039
1491259915
1492242938
1493698288
1495409635
1498050329
1498677448
1500764446
1501777526
1503019843
1506745992
1507505561
1514510566
1519416651
1520451147
1534316430
1557422214
1559324063
1560907942
1562476915
1566679232
1566820717
1568182730
1576789756
1593921303
1595330502
1597897470
1600154364
1601943352
1603793900
1609195348
1610126963
1612482583
1613474228
1614302001
1621998944
1632425999
1642740342
1649845907
1654904347
1658455436
1674435145
1679542919
1680472045
1681864388
1684058403
1697464799
1701447331
1702340315
1709636828
1710524168
1716190839
1720287824
1725088358
1726120443
1727489697
1730401064
1730481950
1731981951
1738346483
1742305621
1742832233
1745127381
1747402470
1748702532
1750858668
1750932736
1751377794
1753979731
1761283730
1769381764
1770263745
1771908943
1775989888
1780978691
1783816881
1787364923
1789195575
1801247261
1805645536
1810989367
1817075228
1819946731
1820478206
1829570607
1831140977
1831647376
1832408817
1832724493
1832774950
1836443512
1846093884
1853356428
1854828634
1859117438
1860356277
1862375511
1864144632
1880110848
1884408922
1888477389
1896844079
1898628489
1900744142
1907784445
1908797090
1908815986
1910102926
1915110950
1920177895
1922091236
1924188225
1930324880
1932549380
1935383568
1935713565
1936565462
1943643321
1943685251
1949170648
1959136763
1960847893
1964350140
1965444877
1966590642
1970876065
1971479193
1975883867
1977965306
1985899407
1989218374
2004561968
2008032856
2017343260
2021748357
2023401157
2054599382
2055303778
2062647446
2063646346
2064969988
2072326252
2080311827
2080924664
2097323751
2101246021
2103019363
2103619362
2104871027
2106284018
2107595135
2109568379
2109633991
2112184294
2117848338
2117890691
2118165858
2122187264
2128832940
2131840052
2131939411
2146357920
