-2131351170
-2107987550
-2051339562
-2049366987
-1999654332
-1977014072
-1955003165
-1946866667
-1921829022
-1884451818
-1850352231
-1791875210
-1750134857
-1725631726
-1721135292
-1701257055
-1701007074
-1602710553
-1520295746
-1473608492
-1396225828
-1381845480
-1336392447
-1166882387
-1116411649
-1089472921
-1053101651
-1043854788
-1034648830
-1019165418
-996572213
-896399345
-873310190
-847132711
-809648295
-769434171
-760254097
-679356856
-677222078
-676644986
-667055908
-518111967
-465428820
-450792078
-445258572
-444862204
-438320864
-421410133
-322873012
-219680753
-212816473
-179387029
-174198944
-169734084
-128807032
-18595084
-12606825
54664976
63491425
206807938
220871442
233203782
239364883
284161634
398390531
420090002
421081274
467423122
483414599
509904006
511280504
582604697
647223848
727123179
844683370
900771114
910488461
931732353
945015727
1003907071
1028307234
1290165776
1317483857
1359443199
1518936221
1536904712
1539387883
1543833624
1569773331
1570426456
1580074749
1608967731
1663910752
1821610080
1841565922
2014843059
2015250450
2034154606
2043806992
2078592131
