-2145704093
-2142747443
-2141516452
-2140100175
-2138564132
-2137141445
-2134955251
-2132086270
-2128950831
-2117895844
-2115012969
-2110389386
-2109805062
-2105302756
-2095104940
-2088288353
-2076050007
-2072155719
-2065154441
-2064397913
-2058069845
-2053842567
-2045567869
-2045533640
-2040242324
-2036409339
-2035602525
-2032005709
-2029603481
-2029217523
-2026513827
-2026312473
-2021328598
-2018745578
-2014731267
-2000834684
-1977155570
-1973604650
-1967194522
-1966533676
-1941670304
-1940192507
-1936190366
-1935519922
-1934425505
-1933554474
-1929570036
-1924778138
-1924696466
-1922321348
-1919445358
-1919004077
-1918132397
-1916640578
-1914912382
-1911387735
-1907218911
-1906964502
-1906385144
-1900170581
-1890816872
-1884107235
-1868025394
-1862499772
-1862288895
-1853169047
-1848311283
-1842892898
-1840422016
-1837193401
-1828361109
-1822172339
-1821842396
-1817191391
-1810919908
-1801835478
-1799060706
-1798951240
-1793625483
-1785438633
-1782008066
-1778893131
-1777082454
-1773738728
-1771818281
-1769167982
-1765347189
-1765292708
-1764194742
-1761072518
-1758036646
-1756364833
-1753337486
-1753063570
-1750021009
-1746184263
-1732232113
-1724140649
-1720211703
-1713662340
-1713479142
-1712431921
-1710363014
-1706715532
-1706678056
-1705842821
-1702523658
-1701741226
-1699859370
-1696212979
-1694675246
-1692465008
-1689929330
-1672085773
-1669464327
-1668598662
-1650841413
-1649712165
-1649662869
-1648491297
-1644184998
-1642439220
-1641572457
-1635733366
-1630714438
-1624695587
-1621384745
-1621038730
-1620060005
-1615695580
-1601643182
-1598333852
-1598305567
-1588764412
-1587648009
-1581299109
-1578263625
-1571740447
-1569226098
-1561131554
-1556874813
-1548101083
-1534328805
-1534136100
-1528058012
-1504059071
-1502703549
-1498588642
-1498155774
-1497806992
-1493610011
-1491637478
-1491630466
-1489506507
-1486118993
-1477612211
-1475714211
-1473156269
-1461885560
-1442070101
-1439520362
-1436832734
-1435995095
-1433129220
-1432194887
-1426826142
-1424555992
-1422615303
-1422608566
-1398100658
-1396539063
-1395526439
-1390590508
-1389552009
-1383682907
-1383099531
-1373354708
-1370796330
-1368339867
-1357326975
-1356019419
-1348340575
-1346137307
-1332710569
-1324946225
-1323114757
-1322221025
-1321397551
-1319345704
-1316820126
-1316222303
-1312780334
-1307148581
-1305809802
-1299695311
-1297646833
-1297510110
-1293065089
-1291708472
-1282797152
-1282732249
-1282415670
-1279198395
-1277822801
-1274364501
-1273458971
-1273041188
-1272159539
-1268235527
-1265474816
-1253446108
-1246650687
-1245319024
-1244486667
-1242371746
-1241584414
-1234988724
-1230449771
-1210269419
-1208824761
-1206895804
-1206423788
-1202596741
-1197894388
-1195345073
-1195305943
-1187670809
-1186889978
-1184657892
-1181924815
-1180773270
-1179939940
-1176389133
-1170534392
-1168535800
-1164423474
-1161568933
-1157242826
-1156562412
-1148887310
-1148422802
-1146504811
-1146452051
-1137978267
-1134339493
-1132720930
-1119006665
-1108450960
-1105124195
-1100733359
-1095325737
-1090310642
-1073895521
-1067567302
-1062395764
-1056420029
-1050527111
-1050456666
-1043259604
-1042314731
-1035124984
-1032447056
-1029672932
-1026187425
-1021930387
-1021752321
-1012635593
-1003831146
-1003158866
-1002300946
-996757255
-996653604
-993375352
-989911703
-987521977
-982863371
-972194719
-969832219
-969272203
-968909197
-967630371
-963634865
-962132312
-953134289
-950185556
-945448767
-944399941
-941410528
-939663101
-936800732
-933709286
-918467022
-917999167
-913889915
-913004260
-912819765
-900940638
-899835312
-891729473
-884260324
-880801111
-880450917
-862384697
-858162879
-850883020
-850285968
-831214169
-827621090
-826502388
-818741998
-817201002
-810120318
-804693790
-802630485
-796839466
-792949690
-788530759
-786985876
-786773630
-785433324
-760006273
-756491668
-754413556
-751856524
-738439211
-738151120
-737929856
-732963190
-718802144
-716262375
-715287926
-707889371
-707727005
-702213942
-697900253
-691200573
-682547359
-679252557
-674618145
-673034435
-668570771
-658073913
-655217787
-647831955
-644495989
-640372397
-633387236
-633336433
-630815776
-621662407
-618619527
-616964589
-609495628
-604097515
-592646597
-585774207
-576858430
-572293096
-565382732
-559636524
-554729558
-536107986
-531763334
-526833292
-521251182
-518536368
-516140768
-516140439
-511302834
-511293179
-505091388
-499895718
-498024113
-497729827
-497439171
-497189603
-495563964
-494221972
-493230592
-488807472
-487372843
-486390389
-478511819
-472490906
-471524918
-467751484
-466352396
-465384175
-464313925
-463204149
-460555451
-456050344
-452720882
-451823611
-450664458
-443086027
-441062171
-439509540
-427019506
-426217015
-422440469
-417095481
-415087845
-404974963
-399469619
-398017680
-389616429
-388840103
-388806712
-386642705
-384912688
-373107879
-364083633
-363643371
-357726954
-355372809
-353788249
-350752913
-348448460
-345426609
-339983146
-336410054
-335358914
-332199536
-332023509
-311730910
-310744058
-304138436
-303860311
-303516960
-297708129
-294325340
-284071815
-280706242
-279726307
-279408741
-264560036
-256127114
-255758209
-252270739
-246993842
-245295834
-242350619
-238613420
-236758887
-231422719
-228981595
-225987860
-220111763
-213582500
-199079814
-190582406
-183746431
-178250594
-175065121
-168619499
-160880456
-146785017
-133274011
-131102530
-127800710
-127053666
-126231423
-120974664
-118961191
-107904209
-97918976
-95190843
-92958237
-88684894
-80810789
-78767989
-66748453
-61889462
-57100287
-51628761
-47118112
-45794191
-40820633
-36189589
-32751846
-28920494
-25780188
-18177404
-16471647
-12957601
-11268508
-10744622
-9162695
-3873143
1644712
6193651
11618694
13029396
23150646
29308780
29940520
33053421
41644619
43237318
44141159
54389642
55471990
60072308
69613319
74191843
74795677
77186047
81241341
81806507
81881883
84734051
86002599
100514866
105705879
108698071
109046310
109283534
110223958
112136098
114862720
125508212
127738403
140165130
152027449
153862653
156061664
156274971
157505524
161844278
168658108
176241215
177358891
177386866
186331528
193634727
203202612
204077478
211535641
219830902
222044979
222498644
223367160
234887149
237631461
239887304
247205534
247940492
254673451
256635345
258110774
260007432
264124334
267239702
275958917
284339044
287697565
291133816
295471537
298025225
303587089
306346041
318865088
325352276
331417145
332126257
335185530
335656650
337139662
341244001
343921024
344880201
346005878
363680974
365796118
366290605
376280311
376389473
376925851
376970111
377176256
384706257
386482302
388775040
389782003
392584032
398301979
405866707
406059271
409542532
418329861
422773188
423042099
429795420
442685318
443429058
444434491
444732899
450100299
456112275
457179920
458038933
458894987
462837055
464058267
475025961
475617284
475700194
478037694
485024753
486283512
489775405
491673651
492697644
492824896
493130640
501171484
503861245
503901014
505054130
507798945
508748178
515724254
523512267
528528116
531683095
535185652
539397112
549855518
554625829
557885312
558187289
560521552
562063039
568478645
569414787
572166039
572415429
573243897
579604910
580610233
581263214
581787270
582356092
583572841
585424301
585963171
587306618
588437965
589067276
589793611
596674826
599439865
601871189
601997361
603811079
605834126
614499996
615359813
630007973
633765960
640706192
642712635
646527399
649201303
659653972
662871906
670362355
672454013
673786919
676245362
681247006
682241952
683297064
683935857
684203857
688408012
689980181
694210161
704541752
712381928
713402658
717530293
721741540
721886471
725460280
728069287
729184836
730100559
731660387
733895543
744532774
744728471
747528426
747893872
755064531
755266785
761108002
778111693
778525470
782321136
794766673
795082249
795318830
812777151
818336458
820992328
825727485
836277528
836965255
844323302
846052094
850689943
857121532
860463546
861203023
862435723
864792506
873671868
874846490
882133625
888998415
892604278
895150173
900493756
924279703
931338915
931693603
937615014
946192380
952225375
957558491
958483492
958803442
960365898
962315260
976977728
977924923
982243423
982863840
988696851
991779804
1006326874
1011153291
1013065815
1014613963
1024638441
1026705233
1026949117
1029968998
1040793019
1045679272
1049419948
1051283771
1053074950
1055087204
1055260871
1059120602
1060409395
1067491047
1075639472
1076590337
1077394457
1081773510
1082250412
1087128720
1090038385
1092910472
1101238788
1115629243
1122976108
1131486849
1135587796
1137581370
1137597707
1140722194
1153837986
1154863939
1162248058
1163939524
1164313490
1165725546
1172521185
1175610681
1181281502
1181336925
1187059589
1189429027
1194300994
1207990826
1214380582
1218061699
1220128181
1222400266
1229417968
1240964822
1241449003
1253937246
1256216004
1256607688
1267652473
1268565427
1269368721
1270492039
1275856712
1277518659
1290485025
1298304601
1300339678
1300892191
1301400367
1304467215
1305229366
1311774479
1316652282
1320817781
1321801433
1326932308
1327220861
1343469822
1348590191
1352024940
1361890850
1366957892
1367061962
1373194526
1381052345
1382581498
1388602405
1389372049
1392380379
1402460512
1402908143
1418552737
1427851636
1431687805
1434795801
1444544092
1445974259
1451973205
1452420736
1458480494
1458822531
1463558812
1464327649
1477686825
1494994709
1497499031
1503444473
1510640996
1518676023
1521318465
1523230503
1529809951
1532527870
1537160090
1548545602
1549781244
1550452660
1554835266
1560025372
1561493074
1565562311
1566860783
1568201737
1569745718
1571571440
1573199517
1580890370
1598629008
1606844561
1607552377
1611298636
1614334923
1625083956
1631483986
1637598645
1638979299
1642453510
1643862706
1644269734
1645086148
1648878743
1651605887
1654934366
1658447159
1659859921
1671666976
1672113578
1675079691
1675500186
1675603556
1679485756
1679832452
1681671122
1694681230
1695293375
1705732386
1708202820
1709980473
1715522609
1717468965
1717884790
1718434073
1727557015
1731199482
1732973528
1738220484
1745117012
1747141151
1751341324
1753352993
1754611675
1761425744
1766299471
1769873851
1772043250
1773104367
1774843221
1775256512
1776978290
1783661952
1794863128
1798718126
1801247218
1812983630
1817040131
1825094469
1827729398
1829571732
1839787026
1848935631
1850370210
1851475987
1854091233
1870672333
1886964410
1890501670
1890558718
1890703733
1891053002
1891677477
1912323753
1914576544
1915931171
1921119589
1930083535
1937499125
1943039903
1946124693
1947300529
1956960297
1957011513
1959996200
1963803441
1967160684
1972769971
1988381395
1990343063
1996727848
1997223081
2003301440
2008540876
2009123614
2011119033
2011815580
2013825716
2020202758
2028262369
2028713747
2031857725
2035166270
2036289661
2037244993
2039967488
2041103192
2048605496
2050959977
2060213151
2063071089
2067710280
2075152046
2080419600
2087084031
2089701234
2094099040
2095493387
2098328757
2098526983
2106176907
2108091908
2112127706
2113915304
2121145673
2122700576
2130777903
2142464804
2144420741
2146239192
2146333028
