-2115158445
-2010445791
-1965694472
-1930687330
-1903580622
-1854597821
-1839603336
-1813752480
-1772124604
-1771392155
-1716618872
-1663852194
-1612880248
-1605876511
-1547948579
-1534097250
-1492196744
-1420420537
-1365468417
-1277613218
-1250573044
-1217642991
-1208800971
-1186491241
-1184360416
-1146564005
-1141060524
-1111160393
-1104055149
-1019263406
-1012611426
-992508896
-979596561
-936731992
-866452199
-829209406
-808663401
-792586716
-771052020
-762927112
-757679339
-714730849
-551538698
-536757005
-506813677
-503889264
-380501877
-355196390
-300637526
-243414459
-203083240
-103647930
-34019467
62384469
64511021
93422942
119202246
180558979
240132906
283645762
327191351
379351411
397761494
556284860
571109388
630445946
644387097
677886833
680127269
740251188
755698711
931648374
1062697708
1103047437
1153038907
1162895175
1226600703
1346144534
1358866285
1368086090
1424882370
1498506196
1524746174
1586848237
1645860531
1684467919
1705188710
1710684992
1794603328
1840080245
1848874199
1858961951
1873103097
1877470491
1888713575
1891117692
1895710981
2078767317
2100715128
2110875077
