7475380
9166743
14295473
14460505
17861713
19591252
27361544
27919536
32120593
33737167
37319693
37991256
44259783
44567923
44898671
45933417
46364148
48313551
49039564
49687134
54313240
54704755
55341119
55423844
58258003
58266169
58320311
59507972
59738860
60084390
61035392
63218802
65687037
68298594
69481072
72022335
73670549
75489457
75537156
75589665
76243877
76398694
80658526
82857363
85445551
86899358
89448619
90526786
91523746
98506787
104019688
108145392
108721654
120380623
121688057
122195235
123871457
124213013
125084810
125640821
126905926
127766087
129535682
130135490
130552460
135599298
137942203
137958903
138518741
139420319
145930376
146034321
146659349
150314099
151712167
153387444
155138968
155835466
157647711
157681275
163352604
173636452
173725557
175080031
178570325
181627307
184476950
185941337
186310572
186842408
192320941
194722486
194863414
198031748
199904394
208111216
211562644
213548436
215055286
218542240
221327048
228180559
230275811
231421804
236029019
236458267
240058766
243976447
245034115
250988271
251157122
252105687
257846665
265654626
271838676
274153128
276189221
276442969
279077332
279792961
280409367
281968744
283059081
285097855
286379678
287282672
290905179
291258746
293051973
293469460
295567428
297028049
297212314
306847162
308804210
310570807
310857504
313438938
313573050
314131066
314178923
314295005
315137750
315923389
316620401
316821581
319527238
319768430
327718187
331075052
331876918
333938328
335553705
338760873
340371494
346775732
348067273
353945729
359243590
359301187
360680245
363022786
364024982
364624333
369228960
370250675
373995889
374538070
375940316
376403853
377858672
378166332
379949234
382290303
384612025
386521297
387213338
388030004
390594238
392171977
393168040
393659710
395321201
397319855
403292012
404996303
405847493
407552723
408255244
410147441
411865233
412523969
418601958
421195511
422207509
422358467
427191212
428971350
433402806
433894437
435841841
442189359
442701427
445416880
448047455
451107283
451654100
454609684
454855526
459841641
459905218
461860634
467419521
468728119
468986357
470483219
476001455
476635867
477507181
477906631
479117173
483643553
483736454
485441823
493422784
496299248
496729602
497485440
498342606
501728174
502980512
505693306
508645495
510407374
513618971
516765969
517846854
519305430
519485705
519911500
520315734
522654371
523220608
523906307
525677894
526670268
528756028
532107269
533418814
536220161
548221009
548626129
552071444
553844936
557183889
557935739
558227090
560660448
563190070
566135666
569930102
570224619
571541839
576718300
590151506
591497370
595185859
597304655
600417244
606526845
612286072
614000634
614163281
614265981
615868779
616374742
619457801
621964568
622146818
623399248
625769068
627267410
631258051
633753630
633932021
633975975
635191542
637695183
638303178
638567885
638766046
638885686
640803436
641010618
643924984
646057761
654171102
654948613
662270934
662303562
665770525
666012116
666682877
667505849
668486288
676490456
677603098
677962066
678045064
679853646
680128243
682614372
684233283
684457248
686852195
693062099
693362685
700070573
702311695
703638688
707886496
709427359
711983395
712084786
712209627
712492585
714793396
714821348
715430523
715968676
717361200
720108798
720806717
722181753
724955191
727076127
731385726
733342400
733849020
735044985
738738799
743353311
743755715
744900256
749078834
749205431
752660659
753002865
753711499
754459698
754727263
757011831
759294296
760088605
761968892
762312339
766345510
767418974
769357112
770028136
774070081
776892872
778071826
778351984
781102965
784681378
793066609
793831961
796083116
796313130
796596113
798247958
799082600
799652441
799877612
801482110
802023441
804340772
804413107
805102475
805734551
807459015
810113782
810979762
817233859
821750448
824997165
825617103
828191543
828317954
832086639
834507440
836054580
837159843
837348506
841178468
841665596
841854372
851449719
854709415
855347197
862825799
863605823
863868363
864068627
864770091
864780085
865203227
867801612
868351343
868628260
869795588
872121482
876106525
879449694
882118388
882573886
884495569
885548035
887227675
887315335
888706877
890937902
892977293
895486226
897601334
897692852
900253245
901113115
909816091
913496085
914487098
918080617
924213172
925082888
927518241
927939234
931418991
935104610
936935563
937248270
942056026
942524719
943360584
946922597
952585900
954271553
959657142
964366307
966434535
971289669
972179927
973417371
975951207
976684959
977231404
980939734
984138031
991323224
992949022
1000311309
1001097935
1004295329
1005589417
1010853121
1011420477
1013155391
1014266256
1016339405
1016949638
1021075229
1021332384
1024408876
1027495311
1028281178
1029182222
1030542369
1032993651
1033481601
1034556244
1035447401
1041145136
1041758511
1042795192
1050317000
1053722684
1054299069
1056706851
1057641195
1058842796
1061823197
1062494503
1065338708
1069818099
1074446393
1078424301
1078992300
1082241924
1083000515
1084873063
1085057652
1085738698
1086367847
1087224528
1087800325
1087909494
1093233760
1093408730
1096439911
1096466153
1098545824
1102141902
1103412390
1105974992
1106375607
1106919640
1107941685
1110723548
1110888455
1112338197
1113324327
1113698229
1115284648
1115810352
1117093190
1118979869
1121230718
1125637204
1127087379
1127173051
1129487282
1131005351
1131694987
1132086394
1134507255
1134825862
1140199316
1141053970
1141190243
1142294872
1143222288
1145731809
1145929643
1147196647
1147772038
1148908209
1152186680
1154057240
1157220925
1157853863
1159066763
1162358177
1163002308
1165564634
1166235130
1170900310
1171692523
1175430275
1176703249
1176951455
1178221239
1180484978
1180934828
1181612151
1182437819
1182904761
1188732279
1189894772
1190902954
1191295230
1191838960
1192714532
1197898628
1199570116
1199683335
1203042478
1208502480
1211714825
1214710193
1215531631
1219231258
1219293064
1220300830
1221358500
1221375559
1224304314
1224345337
1228985475
1231776330
1231936527
1233208611
1235200721
1236950730
1237011131
1241336025
1241671748
1242027530
1242681943
1243113177
1247993314
1254706847
1259998478
1264664049
1265249887
1266404883
1266691386
1267300055
1270985905
1272223090
1276127458
1276665426
1281970747
1282163594
1283169598
1283543108
1293767119
1294233082
1296394246
1300154126
1300711748
1302466676
1313194434
1314985849
1317140313
1318062373
1319437741
1321104108
1323798937
1324859531
1325842407
1328672504
1331191798
1331325903
1334422613
1339638319
1340754119
1341029064
1341856371
1342910847
1347445260
1349412553
1351482055
1354592731
1355572802
1359958447
1361036718
1363100718
1363819939
1364436573
1364934081
1365088261
1365531686
1365876785
1368566583
1368849254
1371303830
1373191537
1373951724
1375296562
1375948331
1376544702
1385857678
1394172495
1394632869
1404697208
1405490272
1407977590
1410870781
1410998187
1416308678
1417244866
1418504452
1420010851
1421534248
1424937141
1424977195
1426298061
1426449726
1427703560
1434203286
1435122121
1441856055
1444391127
1446147336
1446188428
1448200851
1448344570
1449216934
1452021963
1458682506
1460065997
1460710421
1461259143
1463998404
1464384656
1466697019
1470193881
1474633420
1474751168
1481122301
1485785915
1485986352
1486176375
1490690794
1490754512
1494337594
1498855273
1502834884
1503281578
1504846768
1504878698
1506654486
1519604827
1520351125
1521268592
1529272571
1530149086
1534853741
1541411089
1543200052
1545650807
1546108271
1549204995
1550507714
1553526065
1554902678
1555919297
1556560536
1556682521
1558042499
1560619573
1563005052
1566391295
1567077907
1568466958
1570041970
1573210045
1576578088
1578342549
1582357513
1582907513
1585881354
1586530031
1589771665
1591320002
1591573209
1599109282
1602983849
1604902024
1605163399
1610130718
1616117477
1616377645
1617077890
1617457681
1619310680
1620407151
1620871703
1620994655
1628454216
1630368788
1630717304
1632233314
1632277368
1637121652
1638738501
1639700021
1640582918
1641743650
1643311011
1644235581
1645849360
1648046175
1648244723
1655962513
1656451283
1659448676
1662167277
1671975417
1675285424
1675493634
1675565469
1675875988
1676308599
1677762538
1679173780
1683221104
1684860604
1686395917
1686941131
1687360953
1688507579
1691873814
1691966529
1692036255
1692367174
1696518455
1701183698
1703477726
1704903203
1712638390
1714726175
1717416571
1718075643
1718853679
1722462442
1725062471
1727224273
1728436916
1729458726
1729476374
1730694327
1732405482
1734227797
1736435918
1739070828
1739724473
1741733680
1742103266
1743913408
1744593133
1748123490
1750253646
1751475684
1761771340
1762129886
1763653758
1765175956
1766034032
1768297995
1768595050
1768896316
1772984159
1773027917
1775529877
1780183863
1783930926
1784683005
1789648886
1790127916
1790640901
1799648566
1799880146
1800356232
1800888179
1803671747
1804936996
1804979366
1804996025
1808175449
1811063302
1812175889
1812599907
1812903798
1815487570
1815834449
1816320593
1816993306
1819209166
1820946663
1823344151
1829626870
1829749790
1835221535
1838544731
1839620221
1840474564
1840483658
1840527688
1846596405
1852753601
1854952433
1857091414
1858098995
1859981450
1865226920
1866595954
1867006952
1867825168
1868558932
1870715132
1873028924
1876987897
1878106173
1879241952
1886510042
1887102534
1889774443
1891651241
1893543689
1899083946
1899419637
1900117029
1902712344
1905638490
1907719877
1907958757
1908351427
1908413915
1909171418
1915984485
1916379928
1917808732
1920149137
1925321977
1925954845
1925982448
1933581275
1935231455
1935996366
1936174033
1937041998
1941531211
1942996456
1947393204
1949933065
1950130607
1951870962
1954339573
1955298534
1959121108
1961335684
1965897376
1968100721
1971662259
1974588392
1975072993
1976551951
1978425568
1979921024
1982529233
1983232306
1984276139
1986390528
1990001496
1992071446
1993949495
1994742047
1997955558
2001948265
2002394830
2003989260
2005895010
2006226039
2008013468
2010020634
2011370979
2017439738
2021262233
2023267268
2023507384
2023724779
2028363025
2032273777
2033060982
2035310977
2036132734
2038585792
2039138367
2043492910
2043889958
2044657821
2048945841
2054214248
2054517879
2062683879
2064594028
2064943539
2069784836
2071397626
2071920881
2075815055
2075945028
2078887287
2079774645
2080875174
2085612889
2086406273
2086986265
2089642198
2091653374
2092959489
2093404948
2097553170
2100714542
2103879572
2107660732
2108934926
2111989934
2113898782
2119138012
2126675346
2132102391
2135984615
2136495713
2137251076
2137947297
2139558500
2140609135
2142668441
