8258309
9920388
16582281
16864117
18042422
19387251
22194586
27321535
27431594
31492734
35167034
38151967
39134424
47028169
49862208
50925881
51751891
51979658
52363812
53950859
56145450
60768662
63618479
65995603
67036160
68021768
69240628
72740855
80802211
91064218
93073594
95302401
97679637
99157528
100014575
100675897
108548586
112004299
116578746
116993237
119630388
123632330
127619715
131533171
139486305
147675759
149203291
153626995
156612302
157602075
159155859
161999264
162932718
164650651
169575684
169667065
172100280
172911234
182216904
182225737
185074604
185152820
186804332
187448116
190751769
192358357
194133318
194822484
202422692
202802652
204486759
206749313
206979631
211810334
214034285
220275272
221257673
222305821
224556456
228319961
229735861
231121139
233579441
234431530
236979561
237760680
238115041
241690479
243227712
246806132
247532418
247817784
248042094
251434718
254443697
254492047
259945724
260610432
268914397
270624068
270845490
273096851
275339767
277213105
277507185
279872953
281715501
281938525
285986133
289181643
294393662
295834847
297374480
300380032
302000765
304448756
305701207
305907955
309772651
309947395
310707214
310984238
313567473
313700030
320394028
322581754
324750296
325854985
328275492
330676967
334256152
335420482
338231441
339329453
350577083
353363530
353445337
356592513
365923357
366945794
367405915
372084723
372434097
373353102
379659584
383457073
384523548
386832628
388928690
389135866
390253839
395536321
397122986
403442719
403599209
404289670
407336729
409034380
410423321
411856971
412595907
416981279
420538067
422885050
428268404
433104998
436541379
439688375
439899834
441332712
443443993
444471941
446093822
446916015
446960710
449743233
449821670
457894512
459417947
461655419
467946615
470651470
471446757
471881550
474253220
474694141
474801252
475165052
478116184
481351750
481438363
482045306
482593611
485558562
491555241
492931173
499047545
499432014
499559275
505801175
505981059
509248221
514020041
514366097
514930361
515216707
516114063
516323963
518567129
521506871
528292686
530328403
544260594
547024561
549967953
550107708
550847590
551499611
551578562
552979813
557249414
558137399
558705788
560697134
563004172
565842445
566375066
567651784
570111377
571087451
572387178
575068262
589138025
590159678
594163299
595590857
598368158
600053610
602913233
607189699
608176248
608844545
609156196
611864088
613299291
617018566
618027120
618903678
623142011
625213559
626137448
633038009
634009061
635924641
638046629
638529176
639315828
642646903
645925806
656975395
657866993
658570769
659236015
663623713
664634088
666350676
666572946
667939176
668807642
669796332
671383472
673060425
674257299
676795825
678603746
679411425
683026583
686438551
689517374
689822339
690666371
691733884
692745888
693106740
694045490
694255089
694487404
699275054
705966823
707507027
707828896
708010531
708457766
709740019
710292003
711702177
713266765
714016813
715502091
715507967
715752616
715900244
719486475
724521924
726796088
730659475
732696977
737494083
737604323
752642798
753238735
754355758
755178350
758696663
760825338
763047448
772682480
774547117
780095824
783603463
787896555
789466869
791474799
792052235
794962464
796208309
796466318
798655441
800844061
803217514
803998515
804137495
804941486
809924633
810432795
812187683
813626463
816437838
817559064
818362013
820135699
821188710
823110867
824173217
826434579
835612494
836050925
839054506
839628021
842901035
843771186
843806158
844224960
844442855
848359595
849871606
850421878
852000127
852519286
852520599
853395358
853783335
855136244
860081575
865254265
865527937
866307884
867171759
871237430
871882741
872281464
872556689
873514954
873523103
880146716
884303506
884416172
888081100
888764581
888941697
889797423
890741987
892339283
894911471
895907884
898515939
898903290
904631694
904885832
905337706
907832324
908489299
910725569
914647129
915520011
915905414
916460902
917345132
918866380
920328329
922920574
925957896
929592642
930442625
933963599
934114250
938679528
939645496
943812169
946419237
949321398
949837853
952174652
957739247
959829576
960097146
966442610
969484939
969691845
971025058
972054965
976674124
982014008
982603727
986884059
991060685
995986565
1000388730
1001026712
1001719909
1005522912
1007114209
1009471593
1010107009
1012082842
1012397674
1012901878
1018973043
1020003367
1022510100
1024511686
1025237400
1026382495
1030023869
1030586703
1032654343
1032853307
1034803080
1035426115
1035638154
1039372826
1041278375
1041458964
1041721021
1041739552
1045168410
1055552411
1058255440
1058847819
1059147617
1059443726
1059639291
1061887729
1062296073
1063761285
1063853334
1064645551
1066672626
1069422113
1072542357
1072859329
1075671667
1079870393
1084526642
1089110572
1089387179
1091414076
1092629900
1097979060
1100774251
1102634160
1103633086
1103735068
1105427664
1106517780
1106738737
1109938928
1114611091
1115531277
1118006764
1120809513
1122232487
1123689282
1123932120
1125375112
1128391071
1128956720
1129608905
1137733828
1144157460
1144931758
1144966653
1146235002
1148073583
1149177172
1149372879
1155578507
1156311309
1156496325
1157068369
1157597624
1160171949
1160564746
1163303178
1164250447
1165370862
1165746784
1170354188
1170469347
1172786879
1173345139
1179573514
1180069293
1180338107
1184350806
1188164253
1191841399
1192203217
1200657471
1200658906
1201783684
1205091012
1206840298
1208090708
1209744184
1215331321
1215548232
1216962322
1217396487
1218587202
1224713535
1226763023
1231715842
1232337127
1235258465
1237398849
1238499608
1243040200
1244846851
1245550078
1245629375
1245636527
1246009259
1251308675
1251639935
1251651255
1253299300
1258931742
1261721428
1264084792
1265875182
1272041502
1279668748
1280768987
1284300231
1285079969
1287397492
1287403988
1287471017
1288240550
1289736204
1289925486
1290076826
1290929657
1297527445
1301108220
1301480146
1302453786
1305209475
1311262412
1311523337
1314462485
1315779201
1319683415
1330257605
1332789281
1333272496
1334023412
1335183871
1335215105
1338537565
1347984408
1349295754
1351384538
1351591984
1355286604
1357939297
1363808886
1365160072
1366640373
1367851647
1369475594
1373645914
1380192206
1380650471
1387267683
1391909873
1393004746
1393443548
1395657700
1398635619
1400831549
1402501847
1403145242
1409162900
1411396984
1413479236
1414027632
1414610643
1419777970
1422091911
1423290761
1428615575
1429704429
1435624878
1437383519
1440837409
1446888151
1448176060
1450640121
1451084013
1452446842
1455829048
1458252942
1461328733
1462491670
1465353540
1466725918
1466900591
1467378405
1470296669
1471346644
1472042424
1473823949
1478302907
1478617027
1479334727
1480745221
1483926647
1486652716
1487784249
1488199270
1488642641
1490604373
1491827493
1492775391
1494599727
1496412016
1497763915
1499446568
1499780947
1499867124
1500598055
1506539154
1506666367
1507530527
1509557518
1512219188
1518521241
1518756800
1519633913
1520649482
1522713304
1524112378
1528553383
1529767069
1536164474
1537939660
1543281853
1544573760
1544921382
1546212862
1550872797
1550997126
1556504564
1561348265
1566772147
1566799793
1571838212
1571843770
1578558924
1579573770
1580983174
1583092932
1586311293
1588750432
1593397248
1594579404
1597348973
1599863502
1602954616
1606703261
1608592672
1608745468
1612099159
1614766955
1615790463
1616615593
1617814790
1617839566
1618498026
1619261286
1619505290
1621152122
1622817390
1624559360
1629604061
1630511491
1632308651
1632357298
1635513598
1637944399
1639450108
1644494736
1645050775
1646335162
1647637949
1650277643
1650909909
1651344615
1652322655
1652988333
1653818075
1655757352
1658061602
1660373094
1660973101
1664337512
1665913853
1666112372
1666168436
1672155607
1672977655
1673547921
1674490748
1675105670
1676322296
1678506362
1679004136
1680225530
1681077873
1682130553
1682216155
1684579542
1687703988
1687841730
1690898728
1692952070
1696711067
1701612434
1702710269
1704066874
1705187724
1707824373
1708563828
1711687237
1711806527
1715264501
1716997337
1717249088
1718999410
1722624084
1724048776
1725521269
1725786999
1729986977
1731141412
1731585102
1732560759
1732730477
1733985387
1734079791
1734946213
1734987277
1737179724
1739671620
1743053557
1743646468
1744020997
1744474354
1745677600
1749120080
1752027234
1757093453
1759408700
1761164680
1764125071
1766031690
1766563884
1768504025
1770926350
1772755075
1773649810
1773816577
1775347773
1775694097
1776277508
1777225250
1778207555
1779255130
1781689790
1782065387
1785982236
1788617069
1789880229
1793759482
1797503466
1797857048
1798074890
1798952430
1800590569
1801593847
1803395888
1803777058
1804529432
1805974827
1810033638
1813823286
1820871788
1823421583
1826696939
1830656481
1831382257
1831483618
1832782109
1833153147
1833739843
1834974226
1835354818
1839034409
1851648843
1851864046
1855987964
1858903348
1866535794
1871251057
1871595016
1872655724
1872756087
1877631101
1879502355
1883600603
1883779393
1885570735
1887056907
1890726227
1894863094
1896143016
1897699428
1899267537
1899927026
1903765828
1906290447
1906817656
1912548623
1915763449
1923686119
1924247784
1927105119
1927507971
1928707433
1929705859
1934051644
1934143708
1935247996
1936825795
1936909678
1940450915
1941667967
1941754040
1942455004
1942604042
1947605209
1949722707
1950395772
1950872263
1951092346
1953684774
1954505995
1957140845
1962249084
1962894817
1963461337
1963491307
1964628642
1972480792
1975554187
1975585002
1980081995
1980189516
1980601990
1982067362
1982196005
1984798947
1987052227
1988696230
1988773853
1988976564
1990328196
1990370142
1994358994
1995214517
1997806242
1998195879
1998244389
1999386999
2001709494
2002433915
2003147560
2003299024
2004060194
2004441454
2007247241
2010165217
2011338980
2011343834
2014192262
2018476990
2024228517
2028294063
2029222950
2029659071
2030717207
2031312704
2031439329
2034059467
2036999315
2039041090
2039067402
2039343585
2039771237
2040391349
2044533446
2048723704
2051978981
2052775004
2055253826
2055706453
2057715700
2058112302
2059924177
2063327446
2066191156
2067119640
2069396029
2070521497
2072922559
2073666152
2078541057
2078642905
2080238784
2081191069
2081463199
2081955085
2085084273
2086406765
2088352078
2089368003
2091189285
2093565257
2093573004
2093679864
2093770084
2096282575
2097067291
2099784183
2101915679
2103004255
2104772185
2105511349
2106516692
2106945459
2109219737
2110268390
2113182773
2117152716
2126338849
2129351105
2130306685
2131684663
2132611256
2135970025
2135972005
2136130812
2136325740
2139839842
2140738742
2142285383
2144264266
2145205101
