376771
964431
5857868
7433258
8000334
19010277
20465571
22867894
23341146
23408767
26446746
27323485
28799348
32680320
33558249
34165821
34947387
35323901
35552253
37006646
38548318
40478149
41524348
45185489
46543922
48673585
53699295
54823730
58899639
60559201
63131788
64232953
68043017
75843202
76492597
77302862
80136077
80898366
81862802
84779160
85289752
88304516
88748744
92260056
94912252
97035414
98974713
99753925
103135899
103451009
106826016
108101608
111424645
112669462
112847853
112875234
113096363
115415471
117099409
117641377
120895382
124676827
127497896
131376830
136275344
140604239
140712772
141758380
147213487
150868540
155204680
156039509
157502626
161331475
168918789
173777492
174323455
175772106
177963672
180154511
182778092
183114562
191363982
193456936
194126436
196697438
196860143
199688200
199879934
200111003
200251946
200271996
202544977
204788476
210539026
212573000
214020053
216391059
218158454
218175221
218549013
219627393
219984232
223537053
226176639
227205703
228617882
229682123
231541070
233847133
234506114
243227638
245438712
247859563
249627321
251865334
251970588
256000295
263105286
264255467
264961389
265919880
273397626
273639401
275383271
278961856
279763744
281463867
283293311
286330663
287535617
288358402
288726527
291132943
293367967
293871559
295098876
295338618
295714344
296241994
296585237
298563092
300208446
300433421
303474235
304090027
306543666
310598180
313635016
317508261
317654509
318504428
322207410
324473868
324653411
325462637
327152135
327770030
331603058
332380992
332388823
332652522
333715195
337280141
338117039
340092860
340198412
342995958
345877752
345977178
346863077
347574368
347853236
348027611
349838021
352309031
352556151
355610441
356288812
358797396
359868885
363915984
364216788
368316878
368899473
372030806
375942605
376696144
384198644
384391063
385357833
386199670
387415249
390518045
393897675
396331495
401234264
405221475
408501149
409720233
412764783
413789984
419680469
421317994
431764997
433407288
435079154
437938806
438241615
438297978
440513094
443399239
446803500
447366699
452685101
454876848
456441133
458175279
458483576
459348244
461528335
461538451
462086613
464759605
474911013
477927759
483396476
485282451
485535769
489033290
489799675
489821692
490609069
491726515
492262097
496108876
501350297
507215569
509479561
510828720
511596967
513735784
515095351
523903735
524112461
525904271
528957445
532628281
533475140
535934082
536468531
539114602
539380616
542242371
542680713
543975282
551959990
551981648
554279998
556650739
557849816
560509384
563013266
565383978
565501570
565779677
567167276
567276845
570089411
571886057
572470434
575134373
577968972
580072963
581257983
581535326
583142126
583615031
584671132
585911144
589528144
591171196
596027324
596591298
597524234
599335030
601616801
603177336
606201843
608293758
610390932
613526580
614553015
615329724
617692013
619448786
620072019
623159890
624663051
625766847
631088150
633348213
634604982
634904268
635670144
635847161
635875779
637092641
640797459
652284081
658980281
660550187
663547007
663629769
664423651
668766311
673041226
674902354
678280022
679921074
680005484
680826346
681260535
682241645
689098817
698532850
699469273
699788142
700732727
701337095
704002910
714577946
715930609
716573342
719014839
719212317
720344962
720622783
721779617
727711127
728803306
729223270
730019764
730144389
732117512
732689665
733404362
734334487
735156987
740516421
741148196
743626565
744466934
744678090
745902240
746494102
750271280
750412825
751317429
752433760
752536127
758719571
760841279
766951743
767018650
769738347
769741207
771803392
774729590
776839544
778363330
779095651
780014915
784351787
786554564
790360575
792991283
793804269
796760392
797528498
801584011
801707243
806657801
808309728
810755690
811789422
811909601
812490725
814067781
818971431
820952358
821036290
822690176
823271802
824550846
825402438
831313763
831751469
832944835
838952003
843622585
844732887
848051628
849090653
851002016
855813655
856965026
858128696
858342362
860852074
863116594
863375981
865653404
866801773
870885880
873871859
874846195
884778972
885114263
892843744
894393546
894893566
895377097
898024107
900118253
901369851
906516250
908215162
908944717
910012562
913311816
915863515
917856204
920018503
920175246
921829927
922276023
922544277
926059799
927298679
932696386
933603338
933711892
933910633
936658513
940523084
941232314
954228747
954604927
960750315
967281888
969741547
972216589
973481327
973530363
974344737
979071469
980196075
982122410
984622752
984914808
989511951
1000276258
1001753126
1003815567
1004527624
1005657042
1006215306
1007149656
1008561910
1012659117
1013298948
1013656417
1015001634
1020100343
1023275777
1028564933
1029597839
1030435424
1030780834
1032756104
1037313666
1040434973
1042780759
1044125643
1044835156
1045574443
1046090731
1047508563
1048425921
1050022412
1050400496
1052220388
1053274786
1054336936
1055893962
1057126202
1057424487
1058047945
1063389720
1066458737
1067140953
1067208993
1067402958
1068851465
1073512942
1074961227
1075075014
1077263141
1079307545
1080377026
1081749192
1082090700
1083856809
1084938799
1089821753
1090703108
1090822615
1091520148
1093111300
1094596509
1094918155
1096858257
1097247762
1106733797
1108847688
1109173576
1109606703
1109632005
1112577239
1116547972
1121801164
1122484810
1123417520
1127674287
1129432161
1129956969
1132739892
1136198717
1141605160
1145229540
1150240854
1153435238
1156232335
1157114563
1163490326
1163673529
1164803299
1168685393
1173472320
1173621703
1174680779
1177020729
1178468407
1183760785
1186233168
1189915629
1190427442
1192020496
1193822788
1197239761
1200156692
1203376966
1203718828
1204156486
1208112398
1210656963
1211269544
1214800290
1215163294
1220439020
1220638166
1221146812
1225425041
1230124645
1230354050
1231634531
1231721801
1232399821
1233059729
1235770878
1238393466
1240404431
1241039841
1247231152
1248095956
1248160577
1250433255
1250949621
1252829389
1253031558
1255839888
1256217201
1257446314
1260600077
1264068257
1268840986
1273034868
1275572248
1280379631
1282773029
1285375075
1289122309
1289408975
1290103355
1291478034
1292809514
1295526706
1297225336
1298818407
1301423509
1301691692
1304024320
1306621394
1316249055
1316278074
1317145187
1318415774
1321360336
1325405720
1326673975
1333134302
1340243581
1341107931
1341755511
1342545733
1346127769
1346155416
1351844673
1358516094
1358961185
1365963773
1367934351
1370092508
1370120397
1370356191
1374137474
1374908025
1377588009
1378257192
1380039891
1383723761
1385901113
1386176190
1386773384
1387988935
1390998249
1395450604
1396033706
1396230713
1396516024
1399271114
1399908662
1404002611
1404253225
1408139370
1409367946
1409369389
1410629063
1412911882
1413279372
1413656149
1414371814
1415656636
1419462112
1421634760
1425860080
1429745242
1433888421
1436695283
1441127465
1441205893
1441484388
1442462841
1442815292
1443761735
1445699284
1446609293
1450271258
1453429925
1457729961
1461453544
1463002496
1463271078
1463527190
1470138309
1470637513
1474516927
1480058408
1481363789
1483678095
1486391087
1487997609
1489663023
1491548011
1493638490
1495417742
1495545083
1500614573
1502311113
1503848077
1505990641
1507216257
1507524487
1507785323
1509221153
1509347853
1510494387
1512239979
1515794856
1519203608
1519812666
1521077663
1523183912
1524590390
1524815913
1525489900
1525535352
1531395283
1531616054
1534582235
1538545747
1540682205
1545266490
1545827105
1547673092
1548143068
1548561526
1548815406
1553725242
1553935025
1556013578
1556949431
1560214683
1562567551
1564617307
1566100746
1566850210
1575753193
1576973321
1577974641
1579991152
1583907926
1584413593
1584457923
1591633230
1592014336
1592672031
1592965288
1594549978
1595974574
1596097608
1600149585
1600738998
1603732778
1607223012
1608388015
1610334762
1611918094
1613144093
1613584997
1614883989
1615031415
1619781036
1620877553
1621941122
1625177813
1628772889
1629606349
1631324120
1634487914
1637690602
1638589726
1640415764
1640592322
1640779233
1642284479
1649524010
1653616836
1655054013
1655890673
1658313878
1658873841
1659448551
1659985700
1660720732
1662463372
1662503886
1663474377
1664254483
1664346888
1664667551
1670998148
1674553267
1678458261
1679509778
1679958738
1683306065
1683640404
1686255815
1689103161
1697104288
1702691691
1704134502
1705040561
1708183032
1708319206
1713087568
1716204174
1724666214
1731836102
1732432955
1733936200
1738813893
1740119892
1740980046
1741262368
1755367554
1755399465
1756067745
1757318416
1757618372
1759392069
1767122362
1767941156
1770558286
1772230451
1776923311
1778919910
1779081542
1781380892
1782180069
1784272473
1790546404
1791291716
1791379034
1791908390
1793728925
1795910988
1796885498
1798509691
1799502764
1803200258
1805430814
1809672612
1812252342
1814193736
1814806510
1817070892
1821605563
1824855851
1826973575
1829061158
1829220067
1829673458
1832931802
1834426964
1834704727
1836638206
1839418090
1839809561
1841277888
1847451334
1848838465
1849382554
1852159062
1854651168
1854869292
1854938156
1857582361
1861906227
1863224565
1864347135
1866235524
1867310191
1879354882
1890366561
1891724283
1893482983
1895607480
1898273137
1899079634
1899922801
1903691921
1904921260
1907171548
1908335333
1911032374
1917488889
1917721584
1917915959
1920053328
1921326495
1924262807
1925419020
1926644056
1926882023
1927448717
1930688863
1938120229
1943068675
1943670225
1945575591
1959282942
1959358511
1962554967
1965911670
1966295597
1967184954
1967882380
1976637400
1977626410
1978445716
1984531138
1989048592
1990124497
1991638509
1992582622
1994011817
1994567473
1996643926
1996743449
1996829249
1998224612
1998419738
1998771176
1999765260
2001460035
2002156817
2002267679
2005063010
2011132416
2012893602
2014145360
2015490534
2017634693
2020663788
2026372511
2026835829
2028431077
2030242280
2030802843
2031630099
2032553893
2035149107
2035402014
2036616051
2040632638
2042868113
2047114861
2050232299
2050966146
2052968954
2056019624
2056267373
2058024277
2059893407
2060298043
2066477083
2066581100
2067979398
2069075415
2069864624
2070593811
2070872600
2072423658
2074876349
2077230405
2079695106
2082383280
2082547655
2086819017
2088953876
2089671056
2090396964
2091676310
2092015876
2092915502
2098434382
2101348472
2105944159
2114064797
2114278729
2122477462
2122986019
2125118498
2127306826
2132894934
2133137961
2133315518
2139263800
2141709018
2143293915
2144415666
2144600851
2145200489
2145546725
2145686204
2145709538
2146902721
