1677355
6513020
8071342
8525012
14845793
17440103
17750598
20550253
23744737
24202539
25622294
33882554
35244931
37596258
39165869
40665042
41694599
44606504
47606062
52966655
54891808
55420382
57353321
59152152
61465933
62524369
69878439
71539874
72178391
72962745
76921696
79025453
80393662
89718577
89796881
90577048
93216005
93505594
94102901
95191273
100558266
101175168
101216414
102904998
103946993
105624499
109152475
109900534
114896308
116318958
124008763
129069989
130031855
131897061
133318539
136435663
137987555
140736000
142856496
143405551
143747033
144005369
146197787
146815989
152529938
152635796
153109504
153350276
162891303
165348790
165415889
167991553
170892374
171262870
179708186
183020639
183365675
186040458
186734538
195077720
196170344
196281018
198143092
198512185
200016252
202415957
203332167
206044344
209908623
213386720
217174754
224951138
226640236
227705135
227870984
235398732
238348194
243624547
255326831
257215200
257855680
263068271
264208211
265690150
267884441
268806839
269489308
270797714
275395869
275969532
277213109
277813323
278773885
281951094
284917631
285116728
285435404
288715500
290471546
291219308
297343441
304561881
305073142
306043870
306148696
308211089
308316522
309478202
310768563
313732147
313805155
315784267
318635457
327045382
332208674
333840227
335682018
335889051
340666999
342999169
343254618
345805733
347489014
349666101
357215291
360372577
361160157
365988152
368118972
369016505
369174291
370770223
372773359
374800985
376212153
379534925
380145438
381575875
382063829
388792633
389090285
389240508
396620320
398532498
398724711
404021150
407854370
409554981
410856684
411352092
411548543
415884510
415917664
417227369
420945192
421228451
421814244
423805355
426023013
426548373
427477782
427745363
431560083
434931458
437429405
441390313
442864055
443233845
445691636
446745972
447069152
448154712
450483393
452849555
458136099
461773636
464086739
464118455
464264114
464945282
465456836
468700212
470641100
470822920
470896818
473587795
480545740
482559690
486349172
486966283
488260202
489044854
493378851
495334552
499579480
509960449
512270390
514717102
519177312
522680161
524005356
524120750
524716775
528926097
535598310
536477935
538806668
541274735
542384655
542876945
544739306
545926592
551228682
552165053
552492109
552779651
553507856
554459869
554680049
559223379
562082873
563914601
565793485
571520288
573173967
574295900
579461188
583882216
585476437
589009786
590526507
591090927
592843203
593771704
598961352
600000679
600382661
601096652
606398207
614133259
615411440
615563402
615634551
619753581
620856352
627373723
631378898
632315345
633424835
633514927
634939803
636490986
636792869
636931637
641739282
642755535
646513270
649042654
651636201
652984400
658329656
658781999
662734255
663733180
664205119
664371149
668602576
672410874
673400351
673623634
675432727
675683078
678773761
680005677
681275219
682387784
683624841
685382910
685864876
690092897
691182898
693332698
700339518
703556038
706727572
706745267
707915679
708656530
711088769
715578612
717842833
718163977
718895004
720197369
723234842
725460640
730494767
731799061
735934712
736555790
740890848
741953580
742342049
742667880
747916714
749034125
749401569
749921503
750291037
755967743
756175723
758515760
759159306
760248647
761333504
764233579
765358152
769690377
770520972
770942302
777544066
782343302
784868906
793396420
795106047
801762980
805511444
805553074
806104651
807164368
814356954
816955783
820913585
822032625
824764565
827327006
832059256
832496426
836908889
837950593
840209495
840568591
842898100
846210377
855761082
857436223
857853808
859982131
861409211
861595733
863137520
865528070
867499685
875027799
876483642
876985871
879294589
879935811
884714718
891326407
894649236
895953063
900990260
907923510
910360942
911751597
912860655
913296919
918200498
919620098
922359584
924169037
926925160
926931703
927818488
928264435
931473554
935649599
936497723
937194240
939116531
940368937
940838787
941431240
942118203
942304782
943071035
943193481
947425580
947445110
952872990
958716393
963065713
965187838
966453653
973349874
975346935
980554546
980884813
982326502
982394108
983040160
984214418
984481968
984693791
985856738
996361486
1000814332
1003142917
1004983828
1006597199
1010269906
1016139414
1019281948
1019961785
1020471964
1021994139
1024594947
1026904778
1027202149
1027461514
1029316120
1031806280
1033080365
1037431864
1040484904
1040751564
1043405248
1048002640
1050426762
1051708584
1051766794
1051789413
1054318500
1056016596
1056642241
1059114303
1059197899
1065339311
1065584365
1067695063
1068137365
1068834354
1070739645
1071245134
1071766571
1074662582
1078778397
1079166313
1080603516
1084770586
1084985672
1085062161
1089087461
1089553178
1092488694
1092996069
1094871158
1098822797
1100509480
1101771863
1102378679
1102857339
1103346626
1104770938
1106722249
1108150062
1110997040
1111011952
1111056501
1113011711
1116030974
1118598141
1120651354
1121053323
1124181550
1125444202
1126256072
1128452909
1130251175
1134098647
1139889193
1140314661
1140705382
1143577963
1144248179
1151820100
1156747617
1156936464
1161441010
1161906056
1168663181
1169406826
1169539250
1169861785
1170801266
1171057278
1171130424
1171685026
1172678736
1175868501
1176473838
1180259178
1183935014
1184688771
1188409787
1190014127
1192324268
1192562142
1194127280
1194926610
1195344585
1196401871
1198725703
1201126197
1206829218
1207380509
1209479445
1211950017
1213426848
1215298955
1215690676
1217440700
1222579886
1225485491
1226989600
1231562103
1232717909
1234160999
1237518431
1238569452
1239076305
1240209699
1244037248
1246917582
1247352977
1248263107
1248449070
1254190447
1266733444
1268326103
1270612996
1271305929
1273113710
1273798649
1275005945
1277395179
1277810425
1277859355
1277896365
1279264864
1280361017
1281833675
1283048794
1283050107
1288273709
1290157573
1292499786
1293479994
1299063658
1301185913
1303137618
1305574564
1305590217
1306155311
1308246122
1313546273
1317715111
1318268284
1323766257
1326741453
1329122000
1330602932
1331322900
1339257234
1339304322
1340111469
1341834400
1342054892
1348131758
1349297423
1351053160
1352026020
1352364525
1353661445
1354150625
1354609787
1360337599
1361627422
1367299441
1371036720
1371253568
1371844629
1375790500
1386294758
1386635728
1386910660
1389108238
1390377629
1391066422
1391626409
1392952569
1394943337
1399528731
1401748227
1402174638
1406947757
1408647686
1410969369
1411629382
1413103533
1419779726
1420629093
1420911165
1421119467
1421381828
1426267273
1427583396
1428069255
1428692441
1428871023
1429846735
1432214411
1432287913
1433208572
1433856048
1436982138
1437187537
1439916449
1442008067
1442976761
1444979237
1446132032
1449530275
1451778858
1453544874
1455399294
1457722696
1460775471
1461422520
1462765139
1465426511
1466310132
1467645089
1471733892
1475420527
1477979504
1479922200
1483337233
1484478307
1489360726
1491416190
1492041797
1496572523
1496765051
1497739634
1499637698
1501047384
1503236200
1503493608
1506173068
1508785772
1510345074
1510588123
1517255234
1518609314
1521981240
1526145899
1527950412
1530950177
1534123355
1534895810
1535231921
1535585320
1535769041
1540164848
1544741042
1550500632
1550768532
1551419430
1552245380
1555607195
1556835546
1557511393
1560987325
1561750172
1564144129
1564613009
1566777817
1571082457
1571310146
1571812562
1572077063
1575122810
1580187017
1585127902
1586051549
1587207014
1588168633
1588929422
1591703538
1594944094
1595650709
1599488000
1602016951
1607969463
1611453388
1612100399
1614244737
1614559800
1615200272
1617761561
1618562065
1620523958
1621981952
1621994090
1623343543
1623687930
1623868107
1625206935
1625710154
1625760467
1627231279
1627649428
1632346415
1633463527
1636841947
1640107686
1641929314
1642481631
1644303153
1644689587
1650746523
1655738768
1657377212
1658982527
1660870180
1661788161
1666948326
1667505403
1668854918
1669534838
1670213975
1672617031
1673437799
1673848121
1677336768
1679693202
1680400757
1680489520
1688062530
1689844491
1690015470
1690794465
1691429088
1699290375
1701524633
1701875377
1702436836
1702940077
1704539738
1707463458
1708226707
1709235864
1710516339
1711573480
1711753721
1711856025
1712691552
1713787210
1715869685
1719500417
1723930381
1730790373
1733468147
1733930733
1734713779
1739264840
1739639590
1745397714
1745420323
1747258122
1747415321
1748859732
1750344788
1753880359
1757908128
1759105817
1762093814
1765431274
1768808133
1770256968
1771924790
1774702062
1775941201
1776316481
1778240350
1778601990
1781324047
1788075306
1789751495
1793577425
1793992034
1802318548
1803233706
1805061584
1808296434
1812406387
1815638989
1816236339
1816749941
1818530273
1819144355
1820007413
1822183335
1823771319
1825213226
1826961293
1827225214
1828913441
1830797625
1832177757
1834420403
1835020241
1840145285
1840184335
1840646519
1840840776
1840971545
1846736391
1848315372
1848436521
1852286152
1852294698
1854342824
1859110914
1861082854
1863718850
1864090300
1865131349
1865964973
1872154593
1873062361
1876148035
1876330357
1876893841
1878243297
1879173094
1881274510
1881792555
1886244609
1886558418
1886729405
1887977887
1889795720
1891136635
1892309776
1895959441
1897642817
1898769744
1898948734
1899827549
1900063607
1900244388
1900602911
1902336470
1910377074
1913213793
1913675260
1916954834
1918097031
1919202402
1919631539
1929300443
1930780507
1933865238
1935360613
1935855546
1940036996
1941690230
1942106290
1944022844
1944867638
1947566380
1953708262
1954203029
1954380243
1955894413
1958564382
1958640845
1960038152
1960295625
1965569041
1967656332
1969538142
1970110369
1973900428
1974741374
1975181269
1978755807
1981900578
1982044083
1982514033
1983171582
1984461557
1985117634
1985515001
1993906788
1994266697
1995038584
1998269696
1998685369
2002869710
2004682977
2011834403
2013422324
2014825900
2016069846
2017293757
2017635005
2019452357
2020621847
2022448408
2029386341
2030846885
2033661573
2033821206
2033899787
2036324801
2039223845
2047003339
2049351868
2050030952
2050966816
2054257755
2057846884
2059021287
2060545871
2065502227
2066885396
2067012437
2069638982
2070871505
2076570201
2077415043
2078418168
2079514210
2079585844
2081536773
2083351471
2084009664
2085038969
2086500369
2086791775
2088855110
2090323733
2093167007
2093705810
2097584346
2098475794
2101156108
2105149267
2107055608
2107149490
2111528380
2113471093
2116137693
2116600848
2117622265
2120299440
2122826954
2126856136
2127117221
2127169189
2134810059
2135038755
2137376751
2138058147
2140879741
2144871992
