4840104
40338842
42914610
43506333
57695995
67905757
71679179
92534586
128108473
128518911
132983008
138118542
178558187
191162452
206020405
219195725
220189887
237111411
265296137
279967354
295699242
305504052
310242483
313875430
318474454
347837031
354844338
391237954
410390519
415065180
416530738
418190447
462168676
466534914
512984979
542068652
543331109
548052171
549773582
553631876
607352614
656685988
741673849
743726809
779781677
835170509
864303369
904421641
922025196
980369583
1011810943
1021929120
1030366815
1095125853
1099711065
1171332207
1180582169
1185472129
1235448638
1247856249
1330782496
1348194375
1368526692
1403658913
1405201455
1408457286
1409730419
1413753390
1422325761
1429378601
1436700763
1452598533
1543569584
1578048630
1604920698
1614684861
1676252218
1692596749
1738524680
1763665508
1773647616
1802760957
1864293034
1896517005
1942874229
1950831309
1951942172
1955657731
1963366603
1969347744
1982173365
1987582467
2021169824
2035082191
2038641822
2072193440
2110690983
2113495206
2126802227
2131577648
