28519605
35466841
50671925
66535353
169542811
215544316
260448240
294896454
299172265
311796124
326814468
333963943
343957601
361913641
382037298
427738355
506826867
576848589
583094260
641092189
669866962
689786125
716317205
720399109
740412720
757551986
827802512
832825155
837253267
885400072
893894956
899266502
902950646
933479593
977375525
983863671
988239823
1004244877
1005706926
1030572054
1039599001
1041150198
1055522668
1071094936
1100153871
1102206053
1103388690
1104938145
1121548760
1165919385
1166976440
1185801016
1187910215
1195468079
1287407791
1300069781
1322422875
1357501880
1367264434
1380026134
1405554633
1422979458
1440239223
1441747218
1486415055
1506320575
1509028927
1510606538
1538128933
1561343226
1563664390
1597011131
1619994694
1627943259
1681102103
1692250291
1695537360
1703067112
1736031476
1762730323
1790097358
1800036442
1819010752
1820389601
1824758615
1832134444
1865517067
1872898702
1883781864
1884023474
1905802047
1926607275
1969798516
1984484073
1995079530
2043976077
2081874753
2085165658
2106241878
2118916282
