43470408
48755968
59411396
59452050
75109711
77763777
84404504
90570424
103981407
107593673
182166824
205613483
309810975
317676633
331074938
355793195
363550698
419958183
428578543
439184361
453243380
453798061
458151249
482710997
492146374
507974468
511026844
532628021
591737398
593050544
607099474
614508997
617009134
623018205
660691937
673013204
681354278
693325850
695204905
713109463
765915265
785872441
809222841
837985375
843116443
867212000
868476089
905633917
906945405
927717032
927962996
928139012
946244810
959220827
972252908
1018089980
1026885633
1027657289
1028204850
1036954796
1123943054
1135399045
1142581905
1149590804
1209949926
1283819152
1314930497
1363906798
1366504149
1396102391
1488740297
1493993424
1510450341
1579078767
1583919391
1591981086
1608594818
1623702248
1728364421
1735287904
1739695514
1752558220
1779671813
1784621090
1785975483
1793352242
1824780982
1882403691
1888851118
1916611290
1948230200
1952181972
2004309110
2013211022
2029533342
2040940053
2049934801
2091816203
2096485031
2102378030
