17563912
33496420
58719399
102131977
103839557
133859419
135857653
150048474
165916333
170361216
173318606
199133927
238802702
266016683
278526425
289850321
347366675
352969947
394573330
408343250
435100164
446007170
458272346
474812096
539819880
556943402
563593236
607788795
685313672
729057439
742340293
744801006
745086277
748199969
764744853
771767893
820113734
828032264
847841294
851097449
865593389
880880237
892033151
978721243
1001740155
1042052449
1049753612
1105331100
1189164312
1229239329
1230758345
1239599976
1240137133
1242769616
1254110436
1306055146
1334020955
1357291433
1363239778
1366130936
1377233904
1396063167
1403958265
1406451551
1420207626
1423563285
1447803709
1462330703
1481888467
1490540998
1498061247
1503607271
1508553238
1521152094
1538909641
1592049335
1646492559
1718321796
1718628996
1719905564
1726649550
1752374976
1777223199
1828304441
1830732541
1854277399
1879977941
1889710667
1892778991
1917797179
1924179262
1957987602
1997680406
2020334182
2075994430
2078819243
2081623594
2087817405
2096240650
2113345693
