1, 2, 3, 4, 0, 6, 5, 7, 28, 9, 14, 10, 11, 18, 13, 15, 12, 1329, 24, 19, 8, 
1, 2, 3, 4, 0, 6, 5, 7, 28, 9, 14, 10, 11, 18, 13, 15, 12, 1519, 29, 24, 8, 
0, 1, 2, 3, 4, 5, 6, 7, 28, 9, 14, 10, 11, 1118, 13, 15, 12, 19, 29, 24, 8, 
5, 1, 2, 3, 4, 0, 6, 7, 28, 9, 14, 10, 11, 18, 13, 15, 12, 19, 29, 24, 288, 
12, 14, 10, 9, 2, 3, 4, 0, 1, 7, 5, 6, 28, 29, 24, 19, 298, 11, 15, 18, 13, 
24, 19, 28, 9, 2, 3, 4, 0, 1, 7, 5, 6, 8, 11, 15, 12, 14, 10, 18, 13, 29, 3
7, 4, 0, 1, 2, 3, 14, 10, 9, 28, 29, 24, 19, 11, 18, 13, 15, 12, 138, 6, 5, 
9, 2, 3, 4, 0, 1, 7, 5, 6, 28, 29, 24, 19, 8, 11, 15, 12, 14, 10, 18, 13, 
16, 13, 14, 10, 9, 2, 3, 4, 0, 1, 7, 5, 6, 28, 29, 24, 19, 8, 11, 15, 12, 18, 917, 20, 21, 22, 23, 25, 27, 26, 
16, 13, 14, 10, 9, 2, 3, 4, 0, 1, 7, 5, 6, 28, 29, 24, 19, 715, 11, 12, 18, 17, 20, 21, 22, 23, 25, 27, 26, 
1, 2, 3, 4, 0, 6, 5, 7, 28, 9, 14, 10, 11, 18, 13, 15, 12, 19, 29, 24, 48, 
7, 4, 0, 1, 2, 3, 14, 10, 9, 28, 29, 24, 19, 11, 18, 13, 15, 12, 8, 6, 5, 
24, 19, 28, 9, 2, 3, 4, 0, 1, 7, 5, 6, 8, 11, 15, 12, 14, 10, 18, 13, 29, 2
10, 9, 2, 3, 4, 0, 1, 7, 5, 6, 28, 29, 24, 19, 8, 11, 15, 12, 14, 18, 13, 1
7, 4, 0, 1, 2, 3, 14, 10, 9, 28, 29, 24, 19, 2811, 18, 13, 15, 12, 8, 6, 5, 
1, 2, 3, 4, 0, 6, 5, 7, 28, 9, 14, 10, 11, 18, 13, 15, 12, 19, 29, 24, 8, 8
