-2137771510
-2127566069
-2127075530
-2118505513
-2117636694
-2116165473
-2111730318
-2108334151
-2107611679
-2104239502
-2101748477
-2099644681
-2097761473
-2079422446
-2079198521
-2077816473
-2072711070
-2070676012
-2063069496
-2060806231
-2052250401
-2043777907
-2041660270
-2039644943
-2027832923
-2023442014
-2021156058
-2019314177
-2018272087
-2013653344
-2012651147
-2007564705
-2003662079
-2001706928
-1988114233
-1987296887
-1980791977
-1976494023
-1970580777
-1969627827
-1969137031
-1961860490
-1959720844
-1958006307
-1954435163
-1954066193
-1951788684
-1950335063
-1945190214
-1939388981
-1939146728
-1937079945
-1917248664
-1912375844
-1911012852
-1910056827
-1909721225
-1908756563
-1906854046
-1899819737
-1895817694
-1895366987
-1890167308
-1887946122
-1876630821
-1876295353
-1875239615
-1874524819
-1868484876
-1862723335
-1862138425
-1856196359
-1852372803
-1851006598
-1846955720
-1841812404
-1839730078
-1838107784
-1837517504
-1836289052
-1834837813
-1829011636
-1828174996
-1819245949
-1818502582
-1812174930
-1807424989
-1806418489
-1801465613
-1793489611
-1793157390
-1790405915
-1780846137
-1778682623
-1757282721
-1756785920
-1754922768
-1753305408
-1751999136
-1749538089
-1746644909
-1741808245
-1738010724
-1737309090
-1731785129
-1725459960
-1712653656
-1709678110
-1701194145
-1696073859
-1693431037
-1692463129
-1691152078
-1690050701
-1689063501
-1688464287
-1687695942
-1681285619
-1677789635
-1674484960
-1671657506
-1671046261
-1670422962
-1667621289
-1667124964
-1661831747
-1658466125
-1656063087
-1653545855
-1652725070
-1647304811
-1643921224
-1632028721
-1626389189
-1623568930
-1621673752
-1615406100
-1613520590
-1612379616
-1611147174
-1597020715
-1596384336
-1589072844
-1588189774
-1585792289
-1580521180
-1574577696
-1574532801
-1571085899
-1555686823
-1551654266
-1543122735
-1537744687
-1536522118
-1526569331
-1517885542
-1505823795
-1503347415
-1502691322
-1501236617
-1500569217
-1494653520
-1491369400
-1486332020
-1478628878
-1472611482
-1467717749
-1466805405
-1453649184
-1452376372
-1450260850
-1446037728
-1444594074
-1436327354
-1430472210
-1429694219
-1429166695
-1424471232
-1423505612
-1422527370
-1417000254
-1405268484
-1392746975
-1388973249
-1383452526
-1382172432
-1381909670
-1377529811
-1375588979
-1372521931
-1371540410
-1368287010
-1368110304
-1365681286
-1353099340
-1348356087
-1340681642
-1328659484
-1324937918
-1324401188
-1322735328
-1321871099
-1315573489
-1315271232
-1308264628
-1305026564
-1299410748
-1293436361
-1289146784
-1288062417
-1274221113
-1273751318
-1272935831
-1266060476
-1260373898
-1259586242
-1253402687
-1225610342
-1222001619
-1216042875
-1213449238
-1206435370
-1197813198
-1195760908
-1184764973
-1184434370
-1175101018
-1174937824
-1173027935
-1169921759
-1162478526
-1161694645
-1157860294
-1157021740
-1149779290
-1146635729
-1142262194
-1140807040
-1137772360
-1136382087
-1135177415
-1132856543
-1130651779
-1113798255
-1113308443
-1112916231
-1112644192
-1111694699
-1100265700
-1091511217
-1091192266
-1088041039
-1078198709
-1063820845
-1057162358
-1051680555
-1049386361
-1041222372
-1040426536
-1034302475
-1034162737
-1025871662
-1022712179
-1020456419
-1014304275
-1001591075
-1000777599
-999967717
-997387522
-992479951
-985034019
-971738490
-970727496
-962006437
-958893856
-954800909
-951793693
-949362872
-946521314
-944757488
-943785251
-939755279
-933526206
-932373518
-926545120
-926247952
-922027687
-914786467
-912423251
-904989201
-900616679
-897971518
-895084737
-894309694
-884571305
-883822928
-882300261
-879484258
-873311022
-866433034
-865577624
-853789078
-851369832
-848451998
-846598412
-845946057
-842886584
-839198883
-837619446
-822905158
-819236569
-818609617
-815995023
-802017115
-797775489
-793349013
-791780738
-782899875
-781559167
-780081227
-779177762
-748366063
-743939286
-743935638
-738765929
-730013400
-729541375
-728222297
-725769848
-721562689
-712817762
-712530535
-710620478
-705547714
-705306457
-703873946
-698321920
-690484254
-689324128
-683158708
-682211081
-667800458
-648116672
-647536274
-646586089
-644644042
-640822968
-638043189
-637311924
-636096344
-633140886
-630573405
-629473735
-628552093
-625437782
-617273612
-617022387
-607594504
-601166896
-598050358
-589208980
-586956015
-585926650
-585678269
-578416043
-553016682
-548179112
-546783938
-539833190
-533348688
-515969898
-514778712
-511189061
-503394682
-503190465
-493519451
-492179205
-480424245
-476392034
-475895309
-473999472
-469176660
-468090156
-465724135
-461947796
-455776423
-453558797
-449595446
-447163996
-438719789
-432462704
-425505848
-425440484
-413041675
-403399627
-402817791
-394483382
-389509202
-388879456
-388855312
-387415829
-387161949
-383315198
-376968300
-374348356
-369595372
-366066745
-365822890
-361456796
-356801192
-354469317
-354367512
-348516170
-343310977
-337589491
-336512386
-336025702
-329516925
-328594369
-327256780
-293918989
-291703591
-280545750
-280072686
-280071496
-275928917
-275043994
-259873459
-258770044
-250400620
-250292333
-248933104
-248463024
-248363262
-230443206
-224696748
-224634321
-222249270
-214754703
-212758816
-205349498
-201364504
-198623589
-196945023
-186548591
-182386727
-182153478
-180419259
-172638003
-166793421
-164726133
-163256596
-154447690
-140787427
-139209124
-134573672
-132280879
-129159898
-114422268
-97441381
-89832869
-83682720
-82484556
-77393971
-77045749
-68777527
-67663610
-67551985
-58637300
-50446122
-43487910
-37993844
-27910882
-27141822
-26981599
-12211130
-10934723
-4432438
-3479005
154740
2035173
2568115
7935806
9550385
10232501
12631574
13400803
13601531
14105609
21878505
24458008
27374507
27972336
36789609
41966812
49055834
56090184
59258808
61908699
63605042
73072968
75532443
80015901
81924270
83606261
83712334
88801055
92364788
94664008
107888119
112389537
120951791
123154297
127376932
130149780
136384672
140532035
142935003
151282244
154716079
162026806
164341669
167893190
175459297
180603229
181114786
183397544
185606531
191411916
198246474
202220563
203394430
207078840
207405416
213942273
214838031
216229542
221629168
224169714
233378294
238325447
246527571
249910575
260683057
268000384
275363634
275618408
276473164
277214262
279019527
288260590
292550564
297974295
304701140
307134045
312626644
315040004
315780023
324326287
330590827
334298733
335233868
337783762
344401190
350173205
350387727
352511277
355511694
358494865
360845897
365090672
369962323
370925509
372048284
373817470
373820246
380544670
383108680
386166112
388814262
389577663
407802677
409972738
411347965
411350319
411416848
414225627
416298571
419709661
428814506
430954948
432201035
441251002
447566378
448960388
450614244
456274478
458109770
463545420
465510692
469555345
472903139
476833040
480700682
481526836
481877187
485690369
485950646
488149321
490878429
493222449
496304956
498698172
503718831
506982274
514966425
529461239
543158186
548594857
550266786
550822282
555933584
563249163
563471015
566640535
569756130
571714596
576234382
584653036
586045513
586126787
591313991
594912619
601787878
602845430
602951307
603710051
613104406
615334524
616247133
616461324
618981852
620118394
620355937
623186109
626490406
627905766
632906479
635846219
637741691
640157087
641425969
647502266
648078079
653538752
666073628
666325576
673520432
676222722
676977334
680368221
684515303
689021972
694388232
697011911
697858005
698157606
719252939
722143703
726808242
737022641
757554362
760267754
760709204
764492761
764705908
765278623
771631044
774746771
784870443
789068819
789167780
789455968
791375736
796348133
796585367
805704661
805748665
808769145
810318439
811444374
812846355
815624414
823015789
826355303
826869944
831670455
835383472
837382964
840920522
843340420
844899927
848474955
848962535
850451643
859273742
860903688
862206273
871299908
871576325
872481823
874641149
877620985
877991060
893439223
900259164
900615727
902474066
906628348
915336314
921449553
928721616
932099296
934985400
953524061
965062018
965262252
966952502
972751661
975077057
976315876
990732950
993950424
996182411
1004533190
1012811235
1013940205
1014600732
1015187685
1017962232
1022554824
1023082357
1023695769
1029878580
1033324934
1042025185
1044518133
1044533112
1045397611
1054451949
1055037208
1060681384
1061351248
1066433363
1066996478
1069602582
1073857043
1074044276
1079380923
1087274974
1091282042
1093285629
1104455598
1108769252
1109547134
1112218464
1114563268
1115192524
1115565272
1121353860
1131946032
1132512474
1136391544
1137721289
1139618876
1140384992
1148179612
1149070148
1154057097
1156589366
1158485111
1161646748
1178747499
1180303574
1184073748
1184459172
1185994892
1190980241
1192816643
1196543405
1202483216
1207379996
1211027035
1211974750
1212957563
1214872501
1216387878
1219654508
1229630532
1231435917
1235184618
1235941592
1236121354
1245854402
1249298556
1250438924
1256293512
1263750777
1267429081
1273444631
1273645476
1273777286
1274522399
1276112998
1276933001
1278063971
1279556384
1290541388
1294622831
1301405941
1304918360
1304994018
1307086058
1309015474
1310605810
1312616942
1317866692
1327275316
1334501154
1335760924
1337044106
1337881165
1339300952
1340809514
1347382832
1350379232
1352568069
1355968311
1357273356
1360365266
1362421214
1362842296
1362894157
1376193618
1378351595
1378501180
1380133557
1383743858
1387010305
1394975177
1411861586
1414085308
1419106468
1419486260
1422173995
1424029846
1432720098
1435976393
1444913078
1456225303
1462413970
1463438065
1475904024
1477364307
1479219404
1481238546
1482912837
1483577337
1495016886
1495648688
1498989653
1502973260
1508249364
1509156769
1519750551
1520356989
1521448626
1525597145
1526617565
1528860913
1552956078
1555617696
1560201221
1563200936
1570446141
1594126992
1596306312
1606692593
1623653498
1624593323
1633028939
1646677647
1651664171
1655583323
1657646384
1670575412
1674696325
1675989738
1676239664
1677039977
1682351431
1690016862
1693448047
1693549744
1694540194
1694976067
1696644759
1710511280
1713011241
1713339088
1715067242
1724157199
1730099128
1730188200
1748131143
1761464485
1767279574
1767848097
1779083504
1781274900
1781333105
1787412350
1807704811
1808676912
1815418847
1815499782
1819651764
1819826643
1819910522
1820174728
1820755099
1835257271
1835888947
1838079061
1856869360
1865109644
1866402108
1876591778
1879937978
1882317781
1885011419
1891751292
1897588706
1916690873
1917937900
1919572851
1919881390
1922720728
1934459524
1934605426
1934762442
1934801006
1937477329
1938993534
1944438572
1947808261
1948043825
1951427238
1964591621
1969805252
1970329160
1975841236
1978931623
1979394858
1991200942
1992924211
2001283520
2008482672
2008640105
2009049646
2012623828
2014966300
2015142403
2025506030
2026736146
2028894180
2031524246
2036596107
2052216088
2052347401
2054602234
2064579562
2082258573
2083644063
2085623817
2086386223
2094168977
2094277344
2096614409
2108206048
2109287413
2114892406
2115588410
2120815116
2123898923
2124074971
2124321052
2131764907
2134787145
2145044854
