-2146667802
-2131794975
-2026703014
-1952521744
-1937855856
-1896060348
-1869493210
-1820677032
-1656046956
-1621377635
-1621172320
-1613494177
-1587480430
-1577040167
-1554238409
-1528431682
-1508728661
-1494659179
-1483105884
-1387648105
-1379774850
-1348992066
-1272722482
-1213244647
-1211549419
-1141153133
-1125333169
-1125048636
-1081374234
-1069980248
-1033766750
-1031142015
-1010932203
-1000639723
-958937126
-932050491
-914837328
-877330865
-804971547
-777980226
-721094889
-701289547
-663605303
-657449701
-630766809
-479124694
-475327358
-422423052
-351451901
-348067849
-227685470
-127239772
5527937
56587560
126531983
136261782
250257425
344771496
352506545
472970586
507256142
509092167
514783667
517164288
613296617
634650520
662401859
675336366
741876777
831145665
844512441
867604955
872005472
897658271
990573320
995271338
1061607913
1092199725
1131286808
1178746606
1205435162
1226291348
1241288936
1368752066
1525576496
1558150610
1570892018
1584130505
1623660732
1671017079
1723896180
1792197336
1803819176
1849283821
1886816938
1889680424
2009085012
2042644515
2110360517
2126370153
