-2142298234
-2140465808
-2137088807
-2133982080
-2131862318
-2130046650
-2123218801
-2122876296
-2110217194
-2108306550
-2106844445
-2100485679
-2097965356
-2096855024
-2093780769
-2093540972
-2090364930
-2088152617
-2085524862
-2078932719
-2078719356
-2078118974
-2071913590
-2067503480
-2063506706
-2053598834
-2052982998
-2045954476
-2045824816
-2032828367
-2032460266
-2031636430
-2028775489
-2026249162
-2021315823
-2020314725
-2020075253
-2013732256
-2013500743
-2007670273
-2001879134
-1999495340
-1997805392
-1996207373
-1990318115
-1986236319
-1982781807
-1979458338
-1978409736
-1977422740
-1966968868
-1966116429
-1953066469
-1950263720
-1945324338
-1937541100
-1937334011
-1918324032
-1915668789
-1914735853
-1912806431
-1901728120
-1900452516
-1899192244
-1898578929
-1896837860
-1881290613
-1873227735
-1871604028
-1870943495
-1869343030
-1867379129
-1864738876
-1851582522
-1848869545
-1831682872
-1825610366
-1825397416
-1823090136
-1815173209
-1814541407
-1813262555
-1812611581
-1812342487
-1811930215
-1808705503
-1806243204
-1806152568
-1804736666
-1802517303
-1801817360
-1794015560
-1792719253
-1792618164
-1790959435
-1785507524
-1777057844
-1766011472
-1761904537
-1758391468
-1749267222
-1746521043
-1742918500
-1742788056
-1741376460
-1726104858
-1721615958
-1714210269
-1713565813
-1710098224
-1707691661
-1704083201
-1703440870
-1685891642
-1666990431
-1661795042
-1661405158
-1660282815
-1659701676
-1659081403
-1648493888
-1636218122
-1625240390
-1619515704
-1608726734
-1602055857
-1593581368
-1592891168
-1581875931
-1576078502
-1575960804
-1568788480
-1567529202
-1565530492
-1562675890
-1552183668
-1545678641
-1536580207
-1536443710
-1534545083
-1524930515
-1519010982
-1512689024
-1512277821
-1510234958
-1497764311
-1496942390
-1494580655
-1488415405
-1486025108
-1469290686
-1454463151
-1452676819
-1451012526
-1447952593
-1444544720
-1441135733
-1437507431
-1432336361
-1430902736
-1426284861
-1422866034
-1403770177
-1403642116
-1401844648
-1397612598
-1396944086
-1394323846
-1378364581
-1375283142
-1373923895
-1363774539
-1358392682
-1351496781
-1344054392
-1327983736
-1326756804
-1324464182
-1317909362
-1315305228
-1315028150
-1314494690
-1308496882
-1308397548
-1308326842
-1307164908
-1299264919
-1298389284
-1297089241
-1292916315
-1287479104
-1279711431
-1276033632
-1273314842
-1269879543
-1269494309
-1261358501
-1254091715
-1253944696
-1249596004
-1246286979
-1243276503
-1240624473
-1238392966
-1232590922
-1230365867
-1227608654
-1219013109
-1211339656
-1204758924
-1201768175
-1201684184
-1195846914
-1177988170
-1173829294
-1166681765
-1158934801
-1158455882
-1149075147
-1147815874
-1141741091
-1139788589
-1136992732
-1134966646
-1131697470
-1128693827
-1126814395
-1104860428
-1099172164
-1096504651
-1096311409
-1095800819
-1095543673
-1093623829
-1084756366
-1084187907
-1080986020
-1078955864
-1071805225
-1064692073
-1063481883
-1046443428
-1045488650
-1041145312
-1031377068
-1029946083
-1028002813
-1027968117
-1027208999
-1026555336
-1023708419
-1018817138
-1016243577
-1014925983
-1012474781
-1010445327
-995814988
-995483835
-994850925
-982365711
-980957324
-979326924
-973892698
-969517997
-967474235
-966997924
-962309836
-958790954
-957286393
-949466139
-948049587
-947905738
-943964777
-930842876
-921787468
-918839267
-918457286
-918163371
-905068808
-887424558
-866913469
-864397235
-861690333
-853052675
-852490616
-848879442
-843799261
-842467414
-837845217
-835604604
-834580820
-832986205
-830575689
-830444228
-827519979
-825808017
-818580364
-811454987
-809364536
-797950243
-794791626
-793636340
-793172442
-792905306
-789026444
-787054391
-785430517
-785422072
-765113374
-764208501
-760290204
-758950861
-758708873
-753418250
-752127532
-751569022
-747743333
-746106512
-745820692
-743877016
-742927929
-731482816
-731237796
-730627724
-726898282
-725916427
-723492918
-722167090
-721166030
-719796433
-718676513
-718097707
-716693222
-716657256
-714494064
-710741170
-705872821
-705058935
-699698233
-698826453
-698197371
-697680039
-696135588
-695165447
-687230513
-680433236
-663905323
-650873907
-644576674
-623426402
-618917372
-615049429
-615025992
-614764057
-606046464
-604257537
-603340399
-600737508
-598442029
-597478316
-596011651
-589561489
-588610753
-583484655
-580434946
-564509913
-564156437
-559435331
-558727482
-555509232
-545889407
-542454841
-541918243
-541671368
-541328333
-539938817
-534971866
-519253516
-516585021
-511779016
-501918292
-498792489
-496278495
-495220545
-487484445
-487161244
-486946221
-485945879
-485647971
-484441782
-478845318
-469798666
-468746335
-456269602
-453004650
-443731173
-442047406
-432094861
-429413822
-425616576
-421141107
-414978756
-412855151
-408416850
-406855139
-396377598
-380697498
-379330601
-376259750
-368426230
-365202459
-362811764
-361043042
-360241949
-350555771
-349658017
-347915087
-346842530
-345208813
-344300444
-341213362
-340341993
-338335797
-337494082
-325803283
-316209263
-313529871
-312163455
-309798526
-305969754
-305155115
-300552207
-297816018
-294229527
-292267911
-291330189
-288824702
-285461885
-285107553
-283148371
-268047511
-258300539
-256347681
-249658372
-248220075
-240133801
-239116599
-232490191
-227693038
-220785390
-218742583
-196227460
-191380440
-190903716
-190348549
-188013970
-186407139
-183234408
-174614255
-168393462
-165929316
-158830919
-146599528
-144332479
-140319353
-139784296
-139267583
-138884072
-136187301
-134527605
-128222831
-127698901
-117954643
-105170974
-104556808
-102375019
-100624968
-97595472
-96938267
-96931908
-95381626
-94966145
-92760005
-90704416
-87201616
-86873006
-86033815
-80221687
-73665453
-69873936
-64362963
-62261287
-50584466
-46932295
-32130251
-29789906
-29296198
-22325989
-19489415
-15338928
-13687616
-7889549
-853012
688462
6220503
6291090
18229825
22089310
22322525
23316558
23530066
36917079
38954337
44780253
45342537
45944611
48224690
54087830
54189188
58112746
61591962
63712654
67369548
71504397
75118934
88579532
94788717
95980139
97286325
97740539
107147938
108493703
118168887
119985004
123549278
129941182
133451784
133591072
134680237
140534180
149394979
149989510
150584484
156414474
156718478
157809943
158407679
167583643
175724038
179310753
189850300
191490792
192669154
192979558
196883690
201800388
204168740
206530785
209442015
212196382
223075321
224209966
230105199
234170536
238723398
240295295
241876443
249187225
252640083
253413495
266975138
278598762
281159679
281184413
283890742
283969129
285350166
322343752
322543343
323960127
328180584
329822276
331193114
331748047
337063812
343221097
348261881
349749339
360542498
362624790
365297811
366418055
377821209
380715857
381186471
385589852
386016929
390098028
399865643
405977298
409079597
409159849
409859955
417532600
418897063
425319966
426738053
427049662
428139399
429956115
430634795
435401242
436085734
436250301
438043273
441081273
443398424
457410376
462566647
466484994
469820072
477066789
483192644
488028471
496418414
499717511
508234859
508660616
517485977
519867041
522772540
524022604
530647737
530964327
531732187
541313315
542274610
555949270
560648296
563567410
567533107
569100800
571256304
575345755
575418045
576931235
581004546
581918265
586940988
587760318
589299948
595179849
601710671
610700916
614133703
616880441
618662709
621619281
622313978
622411020
623039408
625760139
633472088
641808028
650536007
653922020
655710089
667943969
667984911
674556304
676897662
677453300
682114323
686622646
690042183
697359179
697553095
698746511
703427004
704144326
708983252
718524778
719109621
726212387
734465738
734807198
736422317
737572532
739293857
745265224
753567207
756322281
761805739
769120895
771827715
777532294
796917560
800574532
803425444
821877295
824186248
824231818
826203064
828005725
831118399
834908864
839676339
839969118
844347250
847353079
850271161
850675393
851743002
854092047
856113871
856328447
857285026
860751249
862060231
865227393
873646807
877500774
879935840
881313133
881472724
893715619
902006638
919327407
927336970
932159712
934520802
935673358
936459758
950077744
952302739
960283618
960455986
974381846
981695641
987602322
998263928
998575056
1005731351
1008613246
1010822964
1017033486
1021191361
1022753128
1035031719
1045217482
1046898142
1051163778
1056287592
1059667825
1064007618
1070421180
1071833033
1075570198
1076050151
1081661052
1085399963
1087156178
1090269961
1104571555
1112693963
1130879971
1133849014
1144124164
1155102478
1158362070
1160508334
1161505914
1165329801
1168601613
1171450362
1174697481
1177912060
1182686252
1187112721
1191509812
1193930709
1194626918
1196696182
1196730576
1196817464
1211357974
1215471343
1225060921
1227372207
1228159012
1233995099
1237156890
1245869342
1246173388
1250901776
1252561993
1254609564
1256925301
1261482554
1262364104
1264650063
1264972361
1266617155
1271546910
1274400318
1276113177
1277700985
1292470374
1294248697
1296139139
1296276038
1298492333
1298999302
1300076539
1310051309
1315465349
1316108390
1316289113
1317562976
1321906697
1324616155
1327726837
1332535958
1340203127
1378176348
1380074711
1381118857
1384209328
1385854761
1389727287
1396896346
1397057045
1401401143
1402819495
1406900395
1418405235
1431170226
1437315207
1441037220
1443047838
1443205430
1448526574
1451987200
1453327796
1454854793
1458024780
1462519751
1463160636
1471564153
1475379855
1494184387
1499125593
1506810509
1512515352
1519444992
1520509463
1529628153
1530590320
1531250788
1532534801
1533225929
1556243652
1557433366
1564524330
1566041249
1577340551
1580402362
1585921869
1588460560
1595986127
1599029471
1601639907
1609765283
1611925248
1626175802
1626353182
1646690906
1649903609
1651328756
1654784041
1655474914
1655654390
1656756769
1662080326
1663330992
1668945676
1677051757
1677267520
1687710577
1696240643
1711290247
1726685378
1731161619
1731558458
1737144183
1743378936
1743716223
1743963054
1747205366
1747733965
1752789168
1758961698
1759439790
1760296080
1761164467
1764097277
1768917268
1776385520
1780110471
1783937240
1795518473
1797572452
1800407875
1814501734
1814542074
1837439406
1838737246
1852590101
1854922219
1874630442
1876850616
1878381392
1880631411
1887696914
1888840091
1894772631
1895370235
1897993283
1902402524
1903789930
1905884238
1909926075
1912151144
1920918168
1920988714
1929155139
1931034435
1937450663
1944971357
1947355800
1950000060
1950717618
1957325822
1958764406
1977874146
1980311465
1981131808
1983915590
1986461479
1993864292
2006125099
2007045724
2008487168
2009489365
2012008660
2021442989
2025472665
2025524112
2025759792
2029002951
2031908026
2033542516
2043253143
2044180133
2048884802
2050400319
2053197705
2053266618
2058230771
2062030678
2065463593
2067010962
2075414705
2076526789
2077569833
2079957573
2080691208
2090550103
2092513481
2093582587
2094001074
2097312322
2099674870
2103710373
2109507683
2110853682
2112790478
2114009966
2118965568
2123686872
2128720901
2130129666
2130672576
2131479421
2140568316
2141130665
2143301685
2143507194
2145921253
2146272290
