-2114092656
-2032717035
-1966773201
-1798661908
-1787746077
-1726510123
-1694608134
-1645068723
-1640956738
-1614849952
-1601284874
-1529594887
-1526939853
-1415623914
-1395317632
-1379265761
-1272784191
-1229296028
-1218967666
-1164553090
-1055813925
-1018121414
-969278480
-955381274
-948315297
-940260143
-901881233
-846028531
-816310601
-778477961
-687848364
-641964682
-554623578
-425408289
-408478082
-395411725
-374797664
-350667944
-273302340
-199867593
-166200335
-46959328
-38514096
-13240649
-10573490
-5904860
63597590
67582340
80997763
212791513
295006590
329514414
332577778
355069785
359047247
386808924
508776533
521562382
528325473
552334203
644500862
652504754
668791784
679047322
717149234
824466589
826827892
884363921
952963510
954930181
982201989
998010737
1003772673
1022087934
1045356563
1053658284
1145165244
1160022471
1216028702
1229924329
1247267171
1312796891
1335411860
1402154841
1415327768
1442299029
1531866191
1543899102
1575972980
1732580515
1751142981
1792917321
1829261336
1829479992
1833145105
1959602483
1993413077
2076352856
2119785005
2119923020
