-1997233043
-1991499904
-1984886959
-1890547326
-1771717588
-1725583530
-1618713649
-1614730641
-1601353408
-1555058511
-1530191050
-1443925311
-1375705557
-1343307516
-1279604027
-1257318994
-1254903514
-1178637804
-1159512413
-1142828823
-1140757830
-1128429045
-1121919050
-1110803242
-1109646614
-1015593937
-989459805
-982552188
-976930113
-898648538
-895352106
-862974121
-719335131
-710438081
-695936480
-589250046
-515980043
-258720309
-211792812
-161018085
-81936986
-68697116
-51082200
-12352783
-6998101
30686610
31262899
110535891
148437529
174005663
175422693
305855058
380318610
508162940
523421386
527703217
544194571
564080235
640334776
670684951
736824174
758436431
771800811
786315557
801476485
801837464
876550704
877717994
903413115
933582038
953873072
964924950
983263225
986792816
1006619143
1063280603
1099043507
1122532705
1127931537
1156599904
1251434031
1256440332
1286626779
1295953113
1317245185
1436766238
1520584084
1523323167
1559256874
1632852026
1637326228
1639615858
1646941042
1818130213
1829905163
1849404436
1948092028
1962640468
1972643561
2000509308
