-2134183994
-2133315222
-2130960103
-2130955990
-2126284800
-2122676012
-2113449244
-2098503436
-2097137883
-2094128375
-2093309601
-2092867432
-2087022981
-2083546664
-2080535623
-2075230601
-2074022308
-2072519562
-2071225576
-2069941684
-2069415050
-2065073778
-2035341439
-2025745448
-2024331024
-2015704520
-2014259245
-2006045297
-2003114621
-2001776523
-2000345245
-1997922780
-1997489664
-1993432023
-1992471430
-1990692304
-1983612198
-1981035934
-1980332639
-1979822688
-1977875081
-1974796986
-1972341131
-1963659777
-1962619758
-1955764629
-1954867334
-1954171795
-1942202781
-1926653982
-1926068518
-1924218982
-1918723493
-1915102495
-1909807550
-1903492155
-1902051666
-1888652493
-1884032875
-1883847736
-1881407274
-1876386119
-1873128166
-1870144448
-1866796998
-1863216338
-1859696810
-1858807571
-1851611762
-1847781192
-1844942323
-1843089395
-1841086500
-1839167680
-1832669922
-1826813022
-1819412867
-1818697665
-1812930302
-1811658106
-1811527160
-1808109028
-1802285839
-1800213534
-1798928534
-1792416432
-1783477885
-1780310090
-1777207617
-1771789110
-1769701026
-1767113941
-1766364546
-1763974447
-1762567765
-1756140240
-1755668950
-1754981086
-1749148121
-1740686318
-1739419369
-1728889867
-1720112983
-1719337907
-1705900306
-1704441886
-1701671804
-1700788778
-1700079780
-1696174813
-1687773666
-1684954540
-1677194954
-1676200282
-1675704397
-1658874243
-1657277216
-1648646104
-1634637107
-1629594518
-1626913232
-1624612505
-1617769790
-1616345850
-1615686427
-1604948447
-1601213239
-1596081104
-1590533060
-1586982020
-1578427407
-1567820447
-1559055249
-1555697474
-1555192927
-1554159975
-1554122133
-1548476405
-1545653445
-1535363593
-1532196280
-1531031553
-1530016925
-1523760895
-1514265806
-1512848032
-1508001878
-1504345917
-1502505714
-1502075911
-1501564651
-1498308280
-1487509864
-1483182914
-1478615542
-1473301399
-1472331024
-1469203985
-1468187137
-1467850514
-1463606580
-1462626268
-1459883965
-1459299174
-1456144409
-1454665708
-1451093735
-1445590770
-1421812154
-1413453539
-1412739360
-1408662184
-1406423254
-1405641737
-1386396175
-1385003664
-1384187315
-1377918429
-1376628961
-1374064244
-1373838204
-1370651816
-1360943782
-1354005702
-1351631010
-1339892678
-1335570622
-1333749850
-1333437061
-1332770101
-1328094877
-1326770353
-1325973638
-1325712374
-1324683316
-1323605021
-1317950142
-1313912436
-1303930471
-1280201109
-1277157204
-1275280133
-1275010743
-1272376931
-1266335518
-1261199381
-1258986733
-1246892188
-1243594391
-1239801049
-1236646396
-1222041320
-1216913824
-1214128469
-1206248212
-1201451328
-1200253346
-1198458849
-1194571020
-1188400364
-1187064154
-1186994722
-1186478040
-1182473305
-1172705481
-1165954868
-1160213489
-1158538524
-1158301386
-1150226335
-1149435429
-1147825960
-1141520741
-1134773633
-1131590317
-1126637075
-1124717418
-1123960421
-1118340900
-1107006602
-1095343596
-1092842246
-1091615321
-1090316754
-1089472069
-1087929516
-1086415342
-1084432561
-1082008653
-1076282129
-1076187056
-1069762754
-1068821033
-1065329703
-1065064574
-1057134955
-1048953078
-1044269665
-1043357073
-1030938343
-1024552924
-1011107344
-1007259779
-1006967137
-997006449
-996774644
-991023357
-986013510
-966887859
-957782742
-954128312
-947370881
-945516684
-945406490
-935414633
-932707864
-931171313
-929307744
-913953919
-904195617
-895725042
-888917921
-883487182
-881358973
-881227839
-875720029
-874551310
-870142918
-867576360
-861961842
-859909028
-855235770
-854458714
-853989642
-853986722
-845311662
-826163901
-822178639
-818792210
-814570490
-813822949
-801965826
-801928188
-795540620
-787629175
-775810412
-773759415
-766517933
-760938062
-748207969
-734813056
-729700834
-729478133
-728941712
-726784722
-726522009
-720746869
-715114767
-714304959
-714295414
-710631720
-707285983
-704959067
-704388212
-697676949
-695850395
-693688227
-688016584
-686504447
-685514690
-685039705
-681629603
-681360307
-681156564
-678203628
-676888983
-675759262
-675428381
-675149202
-673871389
-671642691
-666418069
-662417498
-659373550
-653634755
-648882464
-647072617
-642552735
-639230763
-637558022
-636510468
-632696274
-629072107
-624623237
-622160506
-619023579
-613836280
-613040441
-612387644
-612095231
-611381499
-608903809
-594203495
-589778838
-585583820
-583654904
-582771027
-580524884
-579114355
-578660615
-578125509
-576032271
-569699502
-569152969
-568788380
-566147693
-566066599
-565799269
-559509853
-557392033
-554183636
-552304370
-551977754
-550063861
-547621193
-544133157
-537348592
-528714350
-521216172
-518447783
-516604384
-507901095
-507078313
-504745769
-502421187
-501282809
-499567673
-496177542
-480129319
-479502760
-476983852
-473621276
-472987512
-469330632
-467731662
-461874139
-452684407
-446729116
-445519621
-442778148
-431346501
-425852702
-424230714
-419268934
-410174113
-406697983
-406005204
-403652674
-403381926
-397031965
-395004413
-394573633
-391406372
-386600394
-377498076
-375412509
-372169499
-369362374
-360962413
-358549190
-354568724
-351032312
-344657811
-344291749
-338855129
-336383605
-335849576
-332997029
-329560358
-329432370
-325389386
-323591317
-316454769
-305712813
-292264463
-291959547
-288791042
-287093792
-276801151
-270554957
-267444189
-266426816
-261736063
-258518450
-257478472
-247992176
-245425339
-242389226
-241005030
-240717496
-240292522
-240171689
-239954728
-228833203
-222715824
-221394433
-221292138
-220931406
-218111272
-217028399
-203918642
-199960658
-197133786
-195675696
-194661673
-192498053
-188417241
-177141535
-168393489
-166827787
-163252963
-162233816
-155382750
-147594623
-141368077
-122789171
-119660329
-116794919
-114806160
-108715130
-108146995
-105708952
-104235916
-103533417
-101095388
-99686858
-90982171
-90263201
-88231765
-82299399
-76841454
-74400724
-71441253
-70754356
-56252523
-56137665
-53560762
-40679362
-40641853
-40086800
-29637269
-28615751
-24412667
-23197958
-8369938
3214304
11745738
12749072
12797200
18507164
22254933
23274030
26625942
28458895
29237060
31346171
32791041
35145391
38293833
46440762
46515106
56076344
67769632
68734832
71853737
80051543
86172047
88068657
88424090
91812497
96104804
99457046
104765210
107699565
109561779
116203272
118540227
123298331
125858478
126243330
129161872
130137803
137448944
138868611
141298485
144964863
146458816
157941594
168585122
168952249
169295279
181769493
188051344
188133645
193910069
205225918
211671598
213888036
216134598
239299942
242333065
251294518
252908201
260512644
265199044
265301310
266369145
270876045
285188957
288888156
293370334
300614332
304446317
314771660
321205054
322716126
327207174
344964987
346344949
354731019
365778449
372502035
373007907
380196255
387601699
396504383
396676924
399787818
406580467
412378117
414564925
417855100
419092653
419254307
431957436
436300845
438363595
442197173
444455170
451026060
454543082
465294848
471616189
473462344
478886227
480440573
480769621
481680085
483074097
486136518
491857925
493306141
495898761
497530613
505803878
506815208
513487062
518671901
520281348
532067209
536303339
544616554
545019142
549481422
552529212
557794433
560161546
568716831
585047360
594768941
596521779
601237644
609619008
612071907
612645790
617563151
622944374
624258911
624685390
629482371
641397213
652535249
662177356
663734841
667444383
668366133
669042539
677808749
681736303
687548863
687910167
689581900
715489960
717217996
719362215
719812226
723716641
727622869
729572271
733258700
738813669
739004166
740742590
742433411
742950622
743931461
759993633
763220092
766190304
767329873
774277573
789307713
794659847
794988465
797670665
798004699
798050277
802030377
803147205
804008252
810998444
816196319
818566503
820010195
823447809
831806928
835211995
839869747
841820583
843383180
846257604
850017419
855296156
861561630
862421177
871369261
878971275
888852428
897673235
898438181
905183960
906940540
907034917
912235251
926331065
929073987
930736575
932256419
946938110
953222440
953653005
962060089
962075985
964615455
969183996
973224999
981718663
990549774
994964767
998154677
999730141
1008727490
1013990077
1014132281
1015928271
1035700563
1038239645
1038419143
1038781042
1039600287
1040338771
1064005510
1066454243
1073390182
1076131127
1077366047
1081487330
1085062370
1087861581
1092564453
1094098645
1097729202
1098794370
1114189040
1117304164
1127706718
1145112785
1146755229
1148596677
1155878705
1158346938
1161332538
1178280498
1184232590
1185259777
1186111103
1190280208
1198443877
1202794893
1209108014
1217202362
1220717271
1222335557
1225652549
1232626233
1237972268
1239898110
1242621954
1242839422
1257428384
1260879896
1269658757
1273244345
1276862092
1276940002
1279032254
1279443468
1283753217
1286666666
1289014092
1289632237
1291351960
1291849634
1292077177
1297551345
1298457641
1308425216
1312543878
1316550179
1326415075
1328756286
1329794585
1331581835
1334003227
1334323513
1337215296
1344945652
1357785040
1359917317
1360101780
1365011229
1373916433
1376517016
1377896116
1383141887
1385266302
1389127128
1393940069
1395795055
1398663174
1409043716
1411484771
1413859309
1414134049
1414345826
1428176030
1430912298
1438913522
1443825122
1448587180
1461650262
1465631735
1469515662
1482798110
1483867172
1484159085
1496408845
1497281258
1503386484
1505312822
1508555203
1519055580
1520731557
1521086474
1523977047
1527841403
1532595963
1535012585
1539423183
1540111894
1541769483
1542349449
1543120795
1547170842
1555909728
1558693298
1561762065
1570155740
1570210264
1572277360
1578623195
1579050680
1587830210
1594620023
1597651426
1602686756
1604207563
1617646714
1626944520
1629500526
1631508875
1632575846
1633076233
1637512511
1649815735
1650101431
1651232056
1658642666
1661776100
1664023058
1665081180
1668607118
1669610017
1672778267
1684064744
1686059587
1687018853
1693359028
1695582345
1700931654
1701600609
1705922078
1709957908
1710086308
1710236076
1712045737
1713131961
1713887613
1714343829
1715989589
1721374980
1724034776
1727797536
1733163890
1735807351
1737355201
1743370708
1743747057
1744269819
1744363858
1746582631
1747977012
1750337314
1756918249
1758849030
1773600546
1778096894
1780826827
1781002344
1781138173
1784985882
1787594431
1795814875
1796145252
1798361737
1816178405
1823743382
1824361575
1824656859
1830574423
1836263751
1846996580
1849286496
1859494428
1860982023
1864930197
1866595366
1869179427
1870307820
1871950751
1882906261
1883704949
1884038471
1886586487
1891431695
1894441164
1895316866
1901547015
1907753835
1910116401
1911614183
1918129284
1923474461
1924378294
1927247609
1927361629
1935475730
1938716909
1941227325
1942199140
1943364456
1945093586
1947332192
1947773234
1958502478
1966359299
1968688522
1972256721
1975992032
2001148393
2002015433
2005198470
2006274463
2007025836
2010919246
2012959696
2015707262
2022597109
2024964874
2026994734
2029303612
2035719394
2045588469
2077032792
2078658557
2082319250
2083805036
2083821639
2090701351
2090738881
2092526351
2109287267
2120648134
2128516365
2135643745
2137554741
2139419811
2140165874
2141155013
2144054279
