-2143007846
-2142997722
-2137840291
-2136744305
-2134271369
-2133967378
-2128960819
-2124179829
-2123976561
-2122795146
-2118408846
-2110966323
-2105942248
-2098375663
-2097845027
-2093914267
-2083211709
-2082079829
-2081358953
-2075828551
-2075486311
-2063913858
-2063136617
-2060885957
-2046969640
-2046570405
-2037189510
-2025649180
-2023573470
-2022072118
-2020354812
-2002538529
-1995646101
-1990915206
-1990801906
-1982092185
-1981229770
-1972503133
-1962219321
-1956524709
-1954173038
-1948442049
-1946998115
-1946340693
-1941592869
-1941111646
-1940677120
-1933657105
-1919987227
-1916789995
-1914201152
-1900724256
-1899571002
-1891214655
-1887904216
-1876196936
-1875567573
-1874274414
-1871204287
-1867141788
-1858170043
-1854725285
-1851886199
-1851259508
-1844562773
-1843717996
-1842855590
-1842685948
-1834006067
-1828682926
-1828393854
-1827722254
-1827681127
-1822068917
-1820264395
-1819157755
-1817740054
-1814947817
-1812440142
-1808229495
-1805407602
-1803592791
-1793932737
-1788212581
-1783104538
-1782587487
-1777788089
-1776544188
-1770235459
-1770211128
-1769447316
-1768135921
-1768000432
-1766493555
-1765314400
-1762042934
-1761428967
-1756927239
-1755392542
-1754841507
-1746214432
-1740808426
-1734533516
-1733901677
-1732232464
-1728151124
-1721107164
-1707616280
-1702776139
-1702427752
-1702396066
-1701237752
-1698588550
-1690106416
-1689956760
-1686177596
-1678671277
-1677213807
-1672727513
-1671938374
-1670669349
-1666503504
-1660874828
-1659390419
-1628218863
-1623804085
-1620097516
-1608594116
-1608185077
-1600868315
-1598540950
-1597046561
-1593026593
-1592424451
-1586963825
-1582193107
-1578420332
-1576061466
-1575394888
-1572808613
-1571294651
-1569377300
-1553568036
-1542601949
-1530410784
-1527492668
-1527408363
-1526254511
-1524855059
-1519810442
-1503475502
-1481489103
-1481185738
-1479911838
-1475351426
-1475319343
-1470826153
-1454454214
-1453725581
-1453600271
-1452838078
-1449896697
-1449047316
-1444772763
-1438370554
-1438190126
-1427842146
-1426998228
-1410406835
-1409029420
-1407598816
-1406741648
-1404563672
-1404357535
-1403300106
-1395020840
-1394546723
-1387699190
-1378415556
-1376781407
-1375138177
-1366542558
-1350593153
-1349997800
-1349911351
-1344449044
-1342753769
-1339738672
-1336931728
-1336501398
-1331625705
-1327195650
-1320564763
-1315055978
-1308453741
-1306482959
-1300522311
-1296592506
-1288963277
-1286641406
-1281399351
-1279007785
-1278839306
-1275182217
-1273286361
-1271874775
-1270227027
-1263299175
-1260633063
-1260320711
-1252962887
-1242714976
-1234877156
-1214891925
-1205707797
-1204866855
-1198661219
-1197210223
-1196846768
-1196762747
-1195051909
-1190892562
-1187619558
-1174063662
-1163412012
-1155574117
-1153101393
-1147985315
-1144563497
-1137762966
-1135091219
-1130083582
-1129478634
-1129274898
-1128081731
-1125320238
-1123842113
-1121888537
-1121097173
-1119150587
-1118151025
-1116191087
-1115197828
-1111930322
-1107897586
-1102347174
-1074123656
-1073961732
-1061892681
-1059936520
-1058959672
-1055580087
-1052272359
-1048751594
-1048483595
-1044023652
-1036639777
-1035474768
-1023131553
-1022985840
-1017782874
-1017257182
-1015857895
-1015338253
-1015330348
-1009243967
-992464313
-984288928
-983826903
-981397689
-977243842
-970404155
-966601390
-960836624
-959278900
-958541196
-952570812
-949427722
-940303103
-939242033
-931495340
-929655802
-927992073
-923799679
-921529534
-920735331
-910853916
-909202387
-899667336
-898017932
-887781088
-887071973
-878572040
-878074284
-875365778
-873835429
-865157355
-861800536
-859822564
-852652112
-851292020
-847519952
-846835062
-845679190
-843758062
-841987573
-840754454
-838659856
-837299114
-833504691
-832508177
-831577222
-830532102
-829702147
-826539010
-825165437
-821222173
-809044990
-806037660
-798247764
-795990335
-789851173
-785969316
-782920056
-782759361
-768140535
-766738635
-758336514
-752355694
-744223966
-738083587
-735307160
-735305738
-726415038
-721791428
-720421974
-717506444
-715968125
-715215549
-712302227
-711390774
-709913039
-698873650
-698284893
-697338200
-696028711
-692970291
-692823081
-691638299
-690767519
-690349816
-687650295
-679411074
-677043769
-676662177
-674858740
-673740868
-672648089
-671369151
-662870542
-654887140
-653004247
-652831305
-645039430
-637994375
-637645247
-635259327
-623655750
-619672745
-609015092
-603969210
-596210757
-593161700
-592364281
-591329763
-583216508
-573567628
-567522840
-558274847
-555101069
-552040750
-551555587
-546135526
-545238544
-543215025
-540329514
-538844047
-537589138
-535365616
-529762890
-523782410
-521445472
-512598473
-511196449
-510394899
-505245532
-502383653
-500958129
-495588281
-493661678
-493164586
-492928542
-491354416
-489383955
-489337957
-487263925
-487136280
-486813254
-482975179
-479404798
-470566337
-464762589
-457250272
-453566858
-453550648
-452568890
-442343473
-441874460
-430873702
-429813051
-429277475
-428930379
-426337786
-422763126
-412925154
-411991623
-411559289
-401619168
-397818103
-382680111
-376777400
-376484604
-375109975
-368244674
-365912992
-365299708
-358199458
-354644547
-354085085
-354010125
-352137486
-350484605
-349506921
-345157111
-343539928
-343064106
-341141050
-340426672
-339080745
-338232999
-333553649
-326675696
-323563636
-322136852
-319507352
-311338094
-308133398
-301330723
-299965131
-291271066
-286855314
-283613398
-278643878
-277527941
-275817297
-265672523
-262938067
-261645895
-261198356
-260929159
-255488205
-254052369
-253832095
-252401231
-239735908
-239684146
-236184957
-224453678
-222738136
-218979762
-216987215
-182762030
-175475789
-172471050
-167812979
-161602798
-149861578
-148795435
-147071533
-143024690
-131235381
-129907997
-124287341
-115689122
-110919434
-110324651
-106433007
-89117287
-86641988
-83983995
-81564500
-80498760
-79924605
-63314486
-57533476
-56451305
-48384036
-46912216
-37004476
-35465828
-27246747
-26970067
-25588967
-24446127
-18459472
-15562715
-8162629
-8073874
-6171432
-3042743
-1942198
2199498
3772991
7002858
8557194
9475770
10104351
19171167
22078235
31640155
31780956
31860494
34723478
46691712
47847846
50801206
55885663
59767662
70776738
72979355
75353722
78624103
78849813
85637082
88730380
93575180
94497358
97136823
98953849
104471344
108895539
120525549
126445584
134939938
136886710
142288586
149090551
154815484
159360872
162492782
168085165
180394726
185146876
193487980
195599862
197648202
216209525
218533902
229752273
231877507
235999994
243887505
245728094
248419018
248981457
257088682
258939890
261753014
261788351
265513482
267907079
269818517
284143207
292388024
299954488
302166880
303316553
340616407
341435352
344171025
345863639
356465678
360036734
373920417
374619386
375618483
386775043
389286699
395248479
410983590
417339151
419607845
420054885
420394773
426403545
430642631
438505076
445664176
450890132
464633125
469029872
476799552
479744208
480422541
485975990
494243571
495893243
503780505
507222857
515268737
523005111
524918954
527393469
536430129
536516086
546925085
549437462
557618981
563458096
567660757
568428263
575343708
577218168
579793163
580327968
581829374
582334577
589113260
600679540
605452214
607334982
611020696
624285631
628057934
633147444
634579868
639011796
642863394
643176982
645012584
649872900
653054866
657229601
663930559
671761198
677621022
686588013
690714803
690719010
699849618
707343117
708789621
711677314
713402576
715532714
715848872
722496441
728556197
739087947
742587007
752199959
752202798
753575529
754622575
771615393
772316677
775578672
781302678
783754193
784482428
793593216
800785189
808823986
814600483
822867239
826199956
826512972
828242024
828324610
830885092
835895832
839675742
841824532
848827519
853565544
858606684
858858116
862640319
870609991
873323129
875566837
876094867
878194138
879189939
882203452
887026559
887520304
900922547
901998110
905540647
906787460
908889409
913333185
915120602
915701423
915728946
922264532
925165923
928279346
933568429
934245230
934294828
938696446
940116587
941005877
949795706
951075152
954931080
965495296
966497538
977043197
980462334
986805388
991058775
1002544811
1030151319
1031684088
1032748631
1036003984
1043388233
1050267035
1050405803
1056553640
1057004439
1057268911
1057694503
1085770584
1092299439
1093549913
1094398529
1100579881
1102792653
1105328535
1107075475
1111579188
1111628528
1115425546
1119373500
1120350696
1122285045
1124425566
1130520597
1130851445
1136460237
1138819531
1144621789
1147228798
1150949082
1155957348
1164608587
1166364454
1189120391
1190191252
1193458395
1193651939
1198690812
1200691027
1202218277
1203897593
1205607157
1207791777
1207806771
1212582146
1217996533
1225866452
1226470007
1226881673
1228177360
1229869541
1250226536
1253665560
1255715147
1266736677
1267501258
1269273695
1272166461
1279038422
1282472472
1286237658
1290810388
1292574835
1293691545
1294055503
1297945278
1299790582
1301076810
1308832575
1316557400
1327475198
1339757643
1341212288
1348927104
1351640829
1351791235
1353540557
1356254691
1363387046
1363894033
1366641901
1368188053
1370582768
1371321226
1371845218
1374841803
1395740435
1399637474
1401003256
1401037935
1402853001
1403408647
1404743316
1407854853
1410638616
1421279193
1430190031
1435622147
1436680054
1438038116
1439717387
1444394023
1454385379
1459235740
1459267740
1468855071
1485447835
1485793366
1487432678
1488641628
1502613578
1503751697
1504254859
1511326677
1513191831
1518761101
1519078516
1521238508
1521830429
1525664646
1526837001
1527230546
1534180375
1534815906
1536416436
1546759398
1554724047
1559740378
1561016688
1562611489
1563098371
1563802208
1565233314
1570791910
1577937079
1580945611
1586474582
1591991205
1593504261
1594048754
1597348252
1602729125
1606321521
1613675421
1614340321
1620169273
1621171685
1625519679
1631827089
1639551453
1644002465
1648999607
1652805216
1660883921
1661464193
1666549481
1672910905
1685918455
1686423928
1686994164
1688516981
1689160599
1701711830
1729764521
1730189781
1754600245
1759239959
1760370047
1760461231
1777953923
1779325540
1788501342
1792963763
1800942604
1812957585
1814266494
1817719714
1818196804
1819992870
1823234868
1829718492
1832160887
1832858944
1838828803
1839460399
1856329485
1862211638
1869117985
1869693776
1872426738
1886098928
1889309888
1890500947
1891852788
1897399374
1909047758
1910717022
1911516030
1912458866
1915603838
1917556463
1919664426
1928355376
1931941803
1935352861
1937044878
1937777446
1939399016
1943144378
1951204383
1955219079
1966253679
1968926523
1973159898
1973604339
1973836105
1981126731
1982525472
1991006116
1996036082
1996949585
1999331918
2003796153
2005377919
2012422565
2014008195
2014173707
2016409249
2025603585
2027152833
2029125295
2029548063
2034751873
2050241390
2054746269
2055105815
2057524470
2058833752
2059425269
2062256544
2063739544
2067191335
2071362059
2072235539
2072312367
2074232499
2074753259
2077766107
2078274958
2089062622
2092440531
2111705506
2113225352
2114863671
2116362180
2121081223
2126903156
2133063101
2142663185
2143417960
2145205253
2147046299
