-2145296018
-2099619160
-2092353541
-1987008953
-1961546646
-1916073575
-1879021484
-1828534918
-1682662866
-1653415073
-1587194689
-1550349208
-1530845740
-1496225566
-1491737479
-1444541776
-1395069397
-1388924531
-1344658449
-1294813491
-1276549630
-1170350602
-1148085817
-1102115597
-960058607
-953112209
-952227079
-947473288
-939764274
-892054879
-887366552
-791513572
-745957623
-634746215
-596945437
-508625480
-460400432
-446481642
-445752885
-390411152
-339752568
-331903670
-293531102
-251031509
-250906081
-214696599
-188246594
-106140504
8443282
22854326
58321019
74159473
88654348
123132064
124843412
193811372
200153336
303188242
351989474
405987793
415124779
438026147
491930913
504532092
514913886
564910620
573103977
602467307
606436909
666239537
701574148
859715881
893024600
913102440
990080604
1144242946
1230592475
1232378564
1238003565
1261288048
1277158873
1281758768
1310045262
1365616034
1401678539
1545665420
1585939832
1607238544
1649061735
1678711879
1704011497
1711635888
1764002304
1768200179
1784766971
1795218212
1872286431
2050874665
2092476619
2098222718
