-2144909803
-2141177045
-2137780993
-2136114468
-2136083617
-2135707118
-2131709814
-2124416830
-2120743863
-2120389477
-2112586964
-2111791258
-2108504408
-2103400693
-2103143983
-2098298850
-2098274441
-2096312797
-2080864973
-2079742819
-2067256798
-2062190492
-2061985835
-2061351037
-2054108270
-2048957983
-2048176006
-2047603628
-2040626714
-2035759139
-2033325799
-2032797706
-2031261411
-2023833367
-2008629952
-2004172551
-1993074343
-1984493364
-1970898561
-1970707405
-1966526189
-1962252077
-1959623241
-1956111515
-1952928558
-1944957533
-1943099217
-1940661408
-1938627889
-1922824102
-1920116110
-1919408247
-1918242593
-1907182379
-1896177163
-1894656715
-1891668081
-1884168131
-1879924624
-1876107735
-1869202330
-1865350932
-1859258783
-1858489642
-1851766454
-1851266609
-1843541167
-1836438120
-1835471775
-1834156788
-1833289013
-1826458189
-1822735050
-1820399654
-1820275735
-1817033818
-1811916349
-1806430917
-1801936960
-1794187811
-1778914154
-1776287477
-1771870863
-1764998826
-1761157970
-1749872233
-1747682404
-1732373261
-1732285567
-1722205932
-1717006995
-1714240727
-1711102497
-1709810576
-1700904664
-1686671647
-1684899896
-1671743184
-1667155258
-1656059610
-1648836039
-1647856880
-1644117398
-1633593468
-1620585498
-1616732775
-1615492872
-1612289334
-1609308869
-1600602844
-1597678651
-1596711086
-1596337785
-1595586898
-1591473385
-1590564914
-1590551367
-1588543071
-1587755223
-1584340970
-1583869187
-1580026087
-1578650385
-1570933682
-1558684435
-1555831328
-1546869984
-1544152848
-1538210189
-1538143999
-1537708446
-1535000045
-1519787749
-1515325395
-1505927714
-1505174916
-1503854179
-1500951044
-1496326134
-1487890177
-1481631571
-1472270836
-1458198050
-1457164825
-1455129357
-1451414852
-1449954435
-1446069131
-1442639474
-1438399397
-1433323078
-1423807019
-1417338737
-1417068395
-1404897794
-1402840670
-1402471970
-1401920993
-1396504180
-1396338865
-1390544932
-1387969500
-1376786095
-1376094347
-1372427482
-1370937655
-1368477116
-1367926138
-1366899215
-1347519408
-1343174972
-1338586905
-1338328660
-1336787371
-1332973319
-1332129697
-1315071202
-1312477920
-1311103413
-1309595519
-1305453450
-1304834747
-1286601230
-1280637917
-1277832337
-1277539466
-1268735579
-1268263252
-1267655023
-1265361767
-1261352216
-1258940252
-1258297144
-1257855048
-1255064425
-1253473388
-1253427002
-1249226527
-1249031130
-1246395897
-1241049201
-1239396548
-1237483813
-1231795476
-1222616321
-1221218327
-1219943854
-1219655476
-1217046860
-1216520212
-1209513307
-1209356054
-1206909683
-1200160310
-1199964700
-1198197745
-1189096695
-1172391926
-1172177098
-1171796856
-1171436894
-1167017262
-1159134606
-1158395032
-1139691258
-1138438961
-1136097629
-1130161112
-1125719710
-1120865227
-1116664589
-1109313560
-1108047328
-1104674999
-1101171093
-1098197636
-1095859229
-1087922864
-1085987603
-1084383273
-1079288996
-1078750059
-1077323528
-1071328931
-1070053562
-1061745070
-1057575402
-1055945886
-1053194146
-1050491302
-1044341788
-1043025998
-1036963105
-1035395197
-1035168930
-1033973244
-1031605244
-1031128835
-1030926459
-1027656417
-1024278156
-1023192413
-1020732269
-1020365241
-1017158809
-1015036000
-1009529864
-1005452585
-981564684
-979214316
-979166826
-971646361
-971031056
-967219582
-965579314
-964386174
-963769680
-941475276
-940286748
-933448433
-932766230
-932582142
-930633999
-926663562
-925900780
-925790518
-925636369
-923715008
-921999989
-921850273
-915644649
-914285567
-912695815
-909775342
-903472285
-897216123
-889176702
-888484555
-888206354
-885699984
-882152396
-878388770
-871898627
-871188400
-862808685
-849431482
-832416970
-827816044
-821825346
-817340723
-814315697
-810371024
-809958581
-808658355
-805505188
-804324790
-800666605
-800345527
-798560137
-795587969
-790750507
-783289709
-776728822
-760413202
-759708561
-751757712
-746338136
-738510918
-737232695
-736440481
-729493824
-728929245
-728473600
-716186220
-715392560
-714360768
-701110538
-699469617
-696829767
-691811874
-682474365
-677206278
-674796349
-674178630
-672368392
-668453847
-666475081
-661807528
-653094392
-638628950
-634551125
-634441794
-632255279
-631520103
-629134045
-627743692
-622759697
-620338596
-619789549
-619586199
-615852593
-608265500
-605954596
-605631059
-605574569
-601967680
-601562735
-596773954
-583456048
-581877764
-579032812
-570188256
-568103659
-562236905
-561982016
-559812613
-557192075
-550624343
-548204786
-539153537
-536929087
-521294806
-518794150
-512676136
-508591369
-497096905
-495865569
-495102372
-494910828
-487767194
-484907490
-483365656
-483227808
-480986580
-480577782
-469589336
-457302431
-456674258
-456041033
-454958503
-445002512
-437650217
-431669752
-430830155
-417701772
-416832818
-415712268
-415088742
-407336789
-391220105
-389834786
-388887226
-385237951
-381883761
-372966512
-372280459
-367826987
-349220126
-341794972
-341144141
-339673672
-335893935
-333926980
-333594200
-328794636
-324908794
-317181571
-315200379
-313319645
-300626714
-292727947
-290335858
-289390930
-278721441
-277475805
-276569662
-271625517
-264818253
-264765343
-259386621
-256860765
-253668215
-251178725
-249876775
-248447734
-239805848
-239550737
-238552819
-234459487
-228447858
-227893980
-217827753
-217779294
-214561499
-212882861
-209117032
-205492186
-194868630
-193565429
-186997416
-180817218
-176574906
-162212217
-160995488
-155107343
-150708602
-149184026
-146972051
-141518215
-140712600
-139945129
-138529258
-134048118
-129135158
-123976919
-118577526
-108679955
-103548510
-99138949
-98978406
-94190706
-92183654
-91949291
-90580258
-88383095
-84995731
-77350451
-74840009
-72408438
-70109602
-68959916
-59869799
-57011260
-52542275
-50737638
-49142190
-42279928
-33897656
-26698780
-26319096
-25073145
-13525219
-10961818
-10406391
-10138751
-461243
5719573
11415187
21809874
28921526
36330189
36336995
40093864
40830099
42868476
43904036
48440871
48973185
49933081
51644836
52305364
54818716
81904692
84502850
85872146
86861040
91922921
99504665
101933779
112821394
122433172
128272864
128394164
128517818
131386134
132758476
135410092
137300944
137392868
150558330
153284352
155934962
156059357
164256633
166261644
176736979
186707741
193358630
194019782
195123219
200796300
200926862
202263458
218495418
218863186
224437143
226510818
226914687
233359286
238122306
238299677
245873609
247363196
253089770
253385026
253945186
255822036
272007402
274546914
276266550
280015996
282765791
284917606
289207962
289505518
300648844
308146179
314803601
315391812
318053060
323614582
328298633
329215804
333316193
334130391
336625782
337904879
339119660
348626582
350870483
353050100
358509121
375078744
383201741
389190522
392858610
395515866
413832100
421446268
425781829
426166941
429108940
430189556
439922388
442949692
444212049
464888824
464925723
469534333
470752090
475337914
479033783
481780625
482394234
491477201
496166412
501477399
504089241
506730115
513326512
516170891
520538233
529651850
533731540
543899182
548968504
549399448
553471008
557993161
560539316
563312047
565971848
566196456
566663470
567797248
568063774
570312457
579751827
580183691
582499492
584356749
595862590
603342270
609658692
610806840
617088064
624257610
625093206
625434265
630999316
632567393
635289726
637228121
645046161
646543292
653445892
654714437
656321430
657802688
665474336
666757779
667944364
668822774
669664244
672666634
677142452
682782815
684526920
684758703
687020035
690285279
694317037
694630406
696963448
705326328
707559408
713788130
719996420
735954497
740873912
745284247
753166393
753433423
767950355
768114107
768150506
770243965
775674663
781036250
787163139
788203983
794482977
804044413
805790937
811136252
812687612
821319017
825740514
832410535
834588597
845189624
851525853
859245951
862664703
863692216
867686708
868837346
876114415
883739097
886627740
886673095
906136780
916392760
916448049
916664324
916792893
917885932
918019494
927339936
928999833
930870101
931662997
935178585
939122056
940691964
941438206
941911988
942005357
959795251
962412017
965910835
971103825
972021278
975566982
981093844
983226239
984785320
992370324
994852398
995929206
1001899457
1016965137
1022505996
1031028874
1033174049
1046327922
1047276490
1048507596
1049646716
1052284743
1052767103
1053137797
1055884403
1056066005
1056647258
1073189536
1073573576
1076936996
1084627003
1095382107
1097496246
1099161659
1100427426
1106169677
1108959816
1121420184
1129903656
1133672472
1135055673
1154286548
1162102976
1164274182
1167227630
1168048043
1180475520
1185190297
1192329771
1193360932
1196035839
1198422859
1200475641
1204012254
1206667899
1208541113
1209540732
1211133930
1211899388
1213652194
1214832144
1218022869
1220005276
1226072549
1230332047
1232833759
1237231798
1239061179
1243597907
1251534403
1257679057
1276997521
1280858637
1291962179
1294018471
1297255905
1300079435
1303552344
1305561347
1306816040
1308276359
1308629375
1325780463
1330355710
1342712340
1345517068
1345531770
1352534392
1355445404
1359087076
1368818072
1374889245
1392546689
1395919780
1413355093
1420750418
1422042780
1424137663
1428966571
1431885357
1435789887
1443056022
1443670490
1444288691
1445370505
1446371074
1452532907
1474212427
1479664380
1488695653
1492176631
1493279834
1498411378
1498783210
1498973225
1499365548
1502235646
1506355742
1509528018
1512567946
1516848930
1518821114
1521764969
1522433062
1532617253
1537279781
1537882249
1539837011
1542451974
1545857087
1546808988
1547335708
1547661912
1548774664
1550506695
1571815478
1577483904
1581339796
1581752217
1605338847
1607558152
1608606133
1611199570
1611750486
1617346034
1617736894
1617854622
1620021280
1624699925
1625105034
1630495088
1639780124
1640568272
1642237341
1643909410
1644315155
1645245521
1645721606
1647473269
1653240943
1654229907
1662183494
1664676576
1666533514
1670170425
1671920830
1673833547
1678363353
1682150564
1682584468
1686211353
1687922804
1692751938
1695118061
1720068493
1731050538
1732338590
1732901920
1733208383
1737306405
1746647961
1752406701
1754355296
1757180585
1759124170
1764875712
1766409746
1770229763
1770678661
1775062476
1784887911
1787032832
1792252224
1792590972
1793387717
1798529423
1798967019
1798975952
1807208417
1810133672
1825867401
1833816009
1834479727
1841750262
1859531404
1864117556
1867829590
1869155131
1878152177
1878785430
1882034278
1885145818
1885940847
1886965801
1888877469
1891372519
1895391198
1899253293
1899613536
1904499992
1907196363
1907810469
1914580181
1932622177
1936011590
1939286907
1941072352
1941984329
1946566545
1946769482
1947539246
1949549354
1951383739
1952909197
1975344568
1984317330
1984403178
1989209231
1993448436
1994763278
1994894064
2006470412
2009891839
2013608945
2018521004
2018546961
2021417948
2026229312
2029001193
2029886120
2034466303
2034845250
2039545390
2039558152
2050812940
2060406675
2062824026
2065908398
2070113896
2070811158
2072553694
2093207103
2095775574
2099046246
2101797936
2101828968
2105227791
2109724451
2120146839
2124497176
2131623466
2135120739
