-2136515755
-2054408913
-2039590495
-2035325073
-1954404263
-1855390498
-1767747949
-1757238456
-1739540656
-1701763948
-1645396779
-1590735571
-1578183812
-1506941005
-1454858054
-1402462600
-1338490531
-1319683149
-1301847476
-1215630088
-1205270576
-1174271470
-1163039659
-1096019163
-1093687597
-1062560466
-1046513898
-1032714822
-992174632
-934061863
-908726536
-865455164
-788573672
-753797211
-747680177
-744560282
-741333866
-695604042
-682258712
-397519914
-330304902
-271169254
-191105813
-136350297
-41824595
1553092
14767261
51130962
64129013
106373832
118547063
169879101
179818533
180444492
199307613
255266933
266436023
282796370
290990480
305681168
404408708
406841293
520654022
537236083
571137201
584470730
650201438
653034930
676364643
817028764
877692931
884054795
929273495
944941399
970160428
1067250109
1115961792
1195473768
1213851922
1347175745
1347834977
1356879079
1376553689
1443542537
1684201108
1738977501
1761776612
1778675366
1804886205
1806364363
1811777695
1825148850
1866069574
1882043199
1927433640
1946448066
2003844644
2092123651
2113396200
2136007349
