-2105660131
-2074667843
-1973510081
-1967239211
-1891249519
-1875848972
-1845443024
-1832563790
-1816288213
-1699783441
-1577257491
-1481269293
-1449192350
-1410917421
-1402269934
-1386352957
-1379965623
-1336367327
-1203074217
-1184035260
-1144329878
-1113015940
-1019601620
-999622017
-958800942
-957118798
-888353953
-880192915
-765520911
-727140414
-719570203
-710725402
-700735375
-661845974
-569223263
-558283952
-446941871
-396721494
-367193727
-312925338
-299745702
-298332795
-281907535
-266885957
-172128100
-134429384
-133277084
-116888640
-107279358
-90456583
-83396606
-28917474
19075075
56073141
84381183
128964075
245222503
341452418
346583602
416536899
474879494
598158558
609185866
660858884
739339116
757009351
776623024
786682354
791131749
861072870
998020437
1015654333
1075583937
1095376867
1119666845
1200102294
1222255988
1260980335
1266013534
1296856880
1378695871
1398080359
1431097959
1464167907
1596637443
1602197687
1640399059
1664548761
1670876219
1680563135
1703487606
1707328336
1735535438
1782904138
1797423308
1817062145
1860523880
1912124124
1921621079
2055910603
