-2132351531
-2132102049
-2125360632
-2123203054
-2119269364
-2113558027
-2113376594
-2112370039
-2111087974
-2109748860
-2106790383
-2106393709
-2102403645
-2084176795
-2079196474
-2078569777
-2076264972
-2073624662
-2066775964
-2047982702
-2041772088
-2039883617
-2035762030
-2030945938
-2024472038
-2023193921
-2022968579
-2019036156
-2018373114
-2012556720
-2011685962
-1996895091
-1990100570
-1986209727
-1980304161
-1967801233
-1960794513
-1960255870
-1957984305
-1951985279
-1941368641
-1940620877
-1936852856
-1934691210
-1915239505
-1907277888
-1899288169
-1897751005
-1897042342
-1896780826
-1894331013
-1891314263
-1883397682
-1878375346
-1869700919
-1858028916
-1855727266
-1849277145
-1847831566
-1845325880
-1837255434
-1836898455
-1836540653
-1835560222
-1834489540
-1831004835
-1827613780
-1824230641
-1822614728
-1812869990
-1810795541
-1808464275
-1804568856
-1804477996
-1773199168
-1772469207
-1768135789
-1767435825
-1766882887
-1759169187
-1745823746
-1743145836
-1740521638
-1736791031
-1736456710
-1732101053
-1727063251
-1725735401
-1711386576
-1711113687
-1707637704
-1706685110
-1701037714
-1695703972
-1693041314
-1691067884
-1690100013
-1686030938
-1679888259
-1672273222
-1665865871
-1653278458
-1648111497
-1646835868
-1641903519
-1639038896
-1636276826
-1629114828
-1625950841
-1615460347
-1613336772
-1610398826
-1609273802
-1604771613
-1604471967
-1599228115
-1598342512
-1595800629
-1595564684
-1573028157
-1570376952
-1563831939
-1555928806
-1553281255
-1546293429
-1545775769
-1540652214
-1540545760
-1539228323
-1534770960
-1532634194
-1530023698
-1524233028
-1512724503
-1512126627
-1511243604
-1505835444
-1502502941
-1501084886
-1500353885
-1499792890
-1489351074
-1488809516
-1484520678
-1484099494
-1477858263
-1473503762
-1470996276
-1462978125
-1458971894
-1456139567
-1455342497
-1453981216
-1452923575
-1438254760
-1435324314
-1433624936
-1433420873
-1432541526
-1419825299
-1414727894
-1411045764
-1409683245
-1406815532
-1404102518
-1397145757
-1396724977
-1395196139
-1388758869
-1384161661
-1373631276
-1372935048
-1367789018
-1362826623
-1359166083
-1355128243
-1351886940
-1341118968
-1338321880
-1334881419
-1328291763
-1327829047
-1324975989
-1322602796
-1315846123
-1313272143
-1301540931
-1295369623
-1293822409
-1286403066
-1279007834
-1277590111
-1273324197
-1269632610
-1262437088
-1248234979
-1245936287
-1244556243
-1237592605
-1231825892
-1229833815
-1226011000
-1219620447
-1216110106
-1215570683
-1202425802
-1193219283
-1190737298
-1188765311
-1188180868
-1186224326
-1182110126
-1173421775
-1168617900
-1164388878
-1163650978
-1163186395
-1162459575
-1159437313
-1155156803
-1152899981
-1148295513
-1147010429
-1141824135
-1137297308
-1125884534
-1122078623
-1120096017
-1117378002
-1106334409
-1106181269
-1097893078
-1097601276
-1093514556
-1092917435
-1087532151
-1076484216
-1073592063
-1073489494
-1069175874
-1055879474
-1054522520
-1049898085
-1040206278
-1038649121
-1033483905
-1030455208
-1030185794
-1028317857
-1026263210
-1021916941
-1019178618
-1018041477
-1015471170
-1013449824
-1010085068
-1010084501
-1003354332
-1000664599
-996659322
-989558113
-989061647
-977530941
-977036442
-972267189
-972210508
-971469875
-966315082
-947827543
-946703518
-946464169
-937248294
-925540460
-924683425
-916414323
-912478545
-901752233
-901114662
-900002470
-895745266
-893685502
-892924154
-888791281
-882981480
-875058476
-870653866
-846203174
-843873168
-842543870
-833597264
-818986697
-814244793
-797926422
-790381274
-789455432
-779667418
-777160737
-776150934
-772653671
-771827798
-764670833
-763550114
-733972467
-715911554
-715884225
-715538831
-714660977
-713457436
-702610005
-693040598
-692305147
-687239311
-683699092
-679472619
-674811292
-666839797
-664166769
-654066396
-647111999
-641683552
-640154310
-634552349
-633977583
-629911132
-626994964
-625867523
-618821046
-609150339
-601361005
-600896576
-597254142
-592611184
-578417429
-566900319
-566360245
-565776739
-563263021
-553437151
-545763960
-541858652
-541138541
-539422452
-537346813
-536633114
-536261343
-533866125
-532363154
-530044668
-528420241
-527638874
-519139208
-517003652
-516522555
-514267878
-511191696
-510185352
-505966931
-503263365
-502787970
-499701877
-497728004
-496890954
-491895258
-491576457
-488832275
-485664888
-478884622
-478136649
-476120852
-475139286
-471497002
-470975076
-467580814
-466473908
-464668264
-458973990
-455313787
-451176908
-447360606
-446772674
-446045386
-444180000
-444155907
-443465639
-439171452
-437415514
-428366036
-425422759
-422757894
-422206522
-406233967
-401053443
-400619672
-400492905
-396278797
-391260041
-383731638
-382733666
-381135186
-375990346
-374709507
-373049311
-370035329
-360796985
-355198689
-354840263
-350265705
-347770389
-329002108
-319425263
-318329212
-316357238
-313996712
-311753581
-294592155
-291041040
-284358061
-276459171
-267577158
-266373482
-254996927
-253426572
-228089370
-224553376
-211808266
-209904383
-209739095
-208351949
-202503746
-202119806
-201254640
-200278601
-194934497
-192136030
-188304867
-180739018
-177646678
-177033231
-175326902
-171958184
-170329386
-167729809
-165544948
-157376389
-153813315
-150359163
-147616575
-144057490
-138355206
-137982351
-135943295
-127657115
-126541234
-120257851
-103361481
-95280788
-92554883
-87651213
-80801937
-79760328
-76662864
-60762348
-57259457
-49104386
-48414550
-42780393
-41573735
-35838924
-35446210
-34606688
-29270412
-29099031
-27336610
-23834631
-23038085
-17206070
-4880481
-3164775
-2910149
-2641205
20566140
22317430
28298278
30467371
41632960
43114086
47023653
47398084
54334690
62378113
76611794
76683464
79027952
88338356
90741638
91232568
93851731
95530457
101749390
111771910
118573182
121600341
127223213
128180062
129054125
134873693
138799472
153468190
159617282
160029402
166075316
167297249
171484619
173434034
179233772
180273628
181636314
186194985
186457592
190169812
195141847
201964912
209256679
211025266
215053702
215351683
217728753
225745074
229722668
241196234
246813234
264954803
285332361
286075048
290287524
290443684
295277904
296412772
297555401
307427036
312863400
318525794
318943603
321228141
327040644
327051271
332931978
336730237
345908837
353375222
353602542
354129944
354425871
355545380
359099167
359163471
360645668
361888453
367159521
369298520
377625199
378542443
384044589
385281190
387051472
392110213
393294151
396216716
407092884
409397377
415325575
415612852
416316597
416842779
418318595
420371101
421659870
422081523
432297250
432460971
436309166
441477996
450575495
452564186
458521139
460814007
471606019
479751823
486129782
495098203
507657319
523093374
526627463
529576881
537086991
540358962
540563191
541349937
541772228
546846063
547672953
551028502
552821691
566356320
580154598
589703893
595176718
598112994
602201391
613126973
616545125
620826313
623370110
632960868
637267769
644091049
656515107
657267113
660797673
673747609
685877056
698172069
698260326
699556224
706885812
710358489
711284278
717158888
718679192
725379626
735528927
765099686
767452397
771414209
773884998
777675005
778318890
783172664
790851338
793579303
800038257
805767397
811594862
811932073
815288299
816727771
818161862
823013757
823328665
824473486
837434219
842746835
847454001
849060272
851393004
856180621
870066952
874110957
875013150
879922502
880204934
885494575
893297895
897501019
903672176
915185938
924443726
929186056
930415672
938829938
939577692
939725328
940217795
941516443
943141483
943858741
944556382
946316187
949688025
950697244
963487280
963727051
963827133
965411668
967617120
967830376
971353672
973257480
974864756
974881786
975901963
976006977
976267150
977339666
980016018
980053351
980267858
987570698
987926404
992285794
992880163
995053741
998284243
1007922325
1011626890
1012688397
1013132454
1014767093
1014881147
1018323138
1019142391
1033379681
1039389696
1045000883
1045862742
1045956152
1051827186
1053065490
1056112043
1057011405
1063499538
1063664035
1067333674
1069047973
1069870486
1071738436
1075413115
1077262049
1089468446
1089584801
1089807113
1099947558
1110935503
1113534806
1113630046
1116438243
1122210094
1125797203
1128961613
1142810761
1149807353
1150447910
1151957284
1155707926
1157979541
1158459815
1165386916
1165643249
1169313419
1175528885
1180058261
1180718099
1181723228
1182794581
1189285605
1189642865
1192640814
1193496221
1196954484
1207133062
1211209735
1214444923
1215147364
1225327483
1230493770
1232576120
1239794456
1243400436
1246083306
1253667975
1255254402
1255934576
1256090307
1259581679
1259813953
1263136850
1275725526
1277245658
1277342333
1287981080
1288358418
1289392374
1294636040
1301839450
1303793433
1306015325
1312596044
1314135555
1317941631
1318938181
1319100429
1320680296
1330771882
1334827698
1335414997
1336542978
1338176848
1340009301
1341588915
1342938063
1345020956
1349210138
1358563511
1363231422
1363864939
1364096390
1364370671
1374304534
1376439009
1376746299
1383000345
1388143923
1390539208
1392434572
1397370262
1397441736
1402618210
1402712075
1405713791
1408904477
1411416459
1422270673
1430231614
1430976374
1433791604
1438871082
1442323321
1446061177
1452648754
1453666222
1464932954
1470835925
1472790451
1473354528
1477164353
1484276109
1492076633
1496344077
1503270395
1504538638
1505008213
1507031929
1508150774
1510925307
1517059764
1517341255
1522693204
1547538009
1547945853
1548361022
1553489632
1555850296
1556239636
1558601216
1566685200
1568436336
1568626851
1572067712
1573204304
1587490406
1598670275
1608913851
1609000166
1615161543
1618596261
1623480679
1625097469
1629658614
1634489418
1635748213
1637541636
1637584451
1643259421
1647955311
1652878988
1653466802
1660938414
1662315409
1663540117
1664451347
1667989151
1671424066
1671878017
1675655864
1678873292
1679520680
1680981748
1681927237
1682643567
1682974966
1684307486
1685005512
1689852628
1690530366
1691724780
1693546496
1700957729
1704554586
1704652121
1710797954
1713747948
1721308228
1726696763
1730440762
1733368194
1744679780
1758669523
1777769767
1780043262
1780432275
1783321884
1784356957
1786139670
1792652671
1793555626
1794406592
1797980498
1803492511
1809016530
1810645760
1815530380
1816296292
1825531069
1832443878
1844199811
1848930573
1853050359
1853494556
1863339463
1864505650
1866642057
1867147015
1879857245
1881374979
1882136243
1882820982
1884666623
1903162994
1904336753
1907815848
1910615627
1911882585
1914295039
1916053355
1924341269
1929066746
1933955558
1934017303
1937406735
1941969310
1951108805
1951280453
1963065201
1963183766
1967931335
1971953798
1973034190
1974492208
1975871671
1978896383
1981685406
1987099442
1987504825
1993366127
1994139312
2001974667
2006614725
2006959406
2011349053
2012937950
2014556689
2029032166
2032327996
2034951893
2040731054
2041810893
2043252974
2046199605
2048211141
2048261727
2054956079
2061564292
2067636739
2073264529
2076534667
2080117807
2086797065
2087018272
2087592754
2089687438
2101851812
2114447383
2114766298
2116957768
2118271641
2131348803
2135638395
2138779462
2142696363
2146004518
