-2145288997
-2144577987
-2143693981
-2129959325
-2124233744
-2123953944
-2116993598
-2116212372
-2114989985
-2113968932
-2104305465
-2095283710
-2094920507
-2080105773
-2077063684
-2073334173
-2069067413
-2068182136
-2066728059
-2060557427
-2059805916
-2057398274
-2054346642
-2052384084
-2045818587
-2044535238
-2040379625
-2039889214
-2038465267
-2028668844
-2023374817
-2022953259
-2020009826
-2019958307
-2012745032
-2011893946
-2008091752
-2003091752
-2001360884
-1998178237
-1985683244
-1966402005
-1958913775
-1955015865
-1954805027
-1947148721
-1943771397
-1938545181
-1931208413
-1924168753
-1923407914
-1923010321
-1916090986
-1911015813
-1901502005
-1901228079
-1897142525
-1894821966
-1893541085
-1890653471
-1890106288
-1889306465
-1888394663
-1887479020
-1884542232
-1880730811
-1878734452
-1878230086
-1863999608
-1851860703
-1850518999
-1843229567
-1836993768
-1832668067
-1828623869
-1827427252
-1825792981
-1818090637
-1818020255
-1817178916
-1808532300
-1806940565
-1797861110
-1774712843
-1769005875
-1753153288
-1749021968
-1746170964
-1745699561
-1736002752
-1733332509
-1732393358
-1730070063
-1720509303
-1718011851
-1716882901
-1709732169
-1704964943
-1702955435
-1702761325
-1701022172
-1696623618
-1690315461
-1689763905
-1689687616
-1689267716
-1686794357
-1684061088
-1680724790
-1678842347
-1678355667
-1677483214
-1673370349
-1669471666
-1663094697
-1659926032
-1657904507
-1656971712
-1655662206
-1640855174
-1640576185
-1635854470
-1626352170
-1607707370
-1603961092
-1602483063
-1600296605
-1599512904
-1596710388
-1596228092
-1590128228
-1588746586
-1586814842
-1586446797
-1586155972
-1585209049
-1582075696
-1575036494
-1572462483
-1569355901
-1563062916
-1558581549
-1558538776
-1553578058
-1553514895
-1552937847
-1551951133
-1546473113
-1545409481
-1539109942
-1536665613
-1530582926
-1526711317
-1522091064
-1521946998
-1521794959
-1517886699
-1512785632
-1509450652
-1499881281
-1497185659
-1496029618
-1483570008
-1480411561
-1479467217
-1473936493
-1469405614
-1461695467
-1457430160
-1455969668
-1453654628
-1432050069
-1429081871
-1428154162
-1427274238
-1422763581
-1419264126
-1411646349
-1408818611
-1398594142
-1394809913
-1390181638
-1389322147
-1386833523
-1377339769
-1375717740
-1370540850
-1355465134
-1355388731
-1351797819
-1344619925
-1337574903
-1333824808
-1331880427
-1327617751
-1327349281
-1318681974
-1317435524
-1316135055
-1313081930
-1312783603
-1305457590
-1294360025
-1288922402
-1280663266
-1279646248
-1278475022
-1278307844
-1278219167
-1277791541
-1268124259
-1266471057
-1265074161
-1263099400
-1262105630
-1258550730
-1255715103
-1253480181
-1252210835
-1249151410
-1241506453
-1237396005
-1237349425
-1237021064
-1236435604
-1234206138
-1226459012
-1222727833
-1217334116
-1217168574
-1212236205
-1204713004
-1203139829
-1202043917
-1199478284
-1198749672
-1198740475
-1190515560
-1189432567
-1186817058
-1185467169
-1180391536
-1171015212
-1168351100
-1149455576
-1139883301
-1137133639
-1136032631
-1126688488
-1120353783
-1116067000
-1115447396
-1106562528
-1106343125
-1105701033
-1104322271
-1097030241
-1095361119
-1090570806
-1087451960
-1082390911
-1082041636
-1080987070
-1078367196
-1078231172
-1065468168
-1060204369
-1048845978
-1045628357
-1042641324
-1034549589
-1033155317
-1028634225
-1022718976
-1019803711
-1015791069
-1015422336
-1013275846
-1013233512
-1009468888
-1008675891
-997165571
-994334307
-989842321
-988371370
-983954371
-983293916
-978070985
-974690151
-969838299
-968850153
-955573832
-946199773
-940592911
-939919984
-938746931
-935536141
-934894342
-931374806
-930115686
-927305373
-917270384
-917194385
-917176143
-915002759
-911549825
-910944830
-908264758
-891405390
-883802085
-883450887
-875012958
-869035275
-857775470
-833823500
-830477169
-824651776
-819318979
-802327033
-801212004
-800450677
-788210937
-787634519
-784497020
-783630371
-782827389
-778469311
-776949042
-758149749
-755499244
-749677302
-748685958
-747727416
-744125942
-743668236
-742594506
-741670300
-736960076
-732671372
-724178727
-717626339
-715040072
-714214738
-708190033
-697740261
-695840110
-685972699
-677922840
-676810074
-672106770
-666493272
-664871737
-662944618
-658572312
-640783215
-640166760
-632045145
-625856857
-624903025
-624126172
-622172546
-621099629
-618189802
-610575316
-609921425
-608914142
-602914821
-601181443
-600377823
-585995655
-584113323
-583144011
-575305351
-574554281
-563780349
-548501980
-524631998
-521815990
-520996878
-509175024
-505744913
-497559796
-495663242
-484891857
-481236172
-477588313
-476397029
-466054797
-462453462
-460811002
-457245290
-445044271
-438519251
-438385109
-437888406
-425676983
-422894016
-404716035
-392102825
-391674439
-376256631
-364338486
-359061336
-354747984
-348618782
-347210811
-343732662
-341131507
-340521594
-338931908
-330452096
-329454021
-326092983
-325933552
-325570919
-322798878
-314547804
-303182269
-302588225
-293102746
-289509115
-287385207
-286888421
-285651676
-278297751
-270770092
-268736883
-267395564
-261586789
-258399779
-257738811
-257427529
-251474570
-249004805
-248690515
-239971469
-232939479
-228395664
-226938613
-222957038
-219597139
-209174767
-208829237
-203073357
-198843174
-189569932
-182601284
-179552965
-176906230
-167883486
-164772391
-164298464
-158896671
-158253618
-158210450
-144321730
-144022188
-136501227
-123855684
-121289476
-107467554
-103582253
-99758503
-97223293
-96898510
-90330668
-88978278
-78863382
-74743245
-68998783
-68249743
-62617721
-45411090
-42044798
-41581854
-35372314
-34795011
-32183715
-30073516
-29679398
-28757322
-25668371
-22662238
-20187068
-19050562
-16637425
-15212401
-14240379
-13302318
-12737112
-8173433
2808598
9239793
9769616
12358671
14750534
15488825
17346847
21824085
22554699
25117991
26139533
27962759
38749215
40844980
48375247
48688725
52905204
56904222
59331502
60037962
61808633
62170645
64880255
65265107
71355962
77197560
87090475
87226897
87389423
88914214
90493032
92072812
101324836
108247542
113315282
116684025
117235834
118686871
122983197
126704026
132221304
137118749
140369575
141215670
141655270
150238348
150573192
154297844
164394175
178771302
187366112
190400037
190789724
192502038
193123948
211397639
213197513
224992591
225517177
228951987
242845340
244112893
252315192
260205528
264280065
265697670
275912475
279715303
280327285
294850912
305465173
306291439
308935969
312544059
322057252
323353286
323636969
330217524
336755105
336808159
337142455
339465426
341329635
348374394
348414006
353133946
357693267
359848427
368742164
370322570
370617334
371475530
373542522
374779200
378239127
380849503
400753236
403409292
415184720
421879963
426154470
427059524
431833140
432828319
434584001
437457393
439599434
440113781
440745682
445537595
446158836
448308863
466972130
469213285
471142612
473131803
474180009
477838177
483608614
485245863
488225283
489935690
495124498
510065255
517662465
522628448
524097479
532548172
539950381
549421258
553110434
555361594
557106411
558684970
561577985
570077124
578015351
578846072
581152013
584883565
592252981
600754063
605190226
608921109
612974917
613935188
614599466
621010062
628319757
634020838
635207771
636805897
646284800
646500898
649786012
658545993
659807369
661633246
666038750
666552690
672549659
673593418
676617384
688242570
695281347
696555240
698606349
699923815
709179310
709552178
716696277
716859804
717541570
717679298
718001977
718641452
725045876
726725935
728444266
728621621
736987098
739954424
743200082
745895371
757906653
758648260
759917189
761147977
765601272
770816458
772875145
774497929
775472399
776065093
786401484
786531434
786754930
789734164
791688273
795122859
800423680
806762045
811892005
813802674
814768205
824339970
827334800
835924553
845832057
848690734
850797046
855381950
855974938
856813272
878497636
880672547
881824964
887832837
888117072
894579731
895765423
905978332
909698449
915963688
921877075
923713902
925197157
927261386
927264993
929690440
938917105
947991811
948313084
962149252
962846845
966839019
969392177
979281703
981888471
982174026
990307177
992158854
994032945
997370611
997428859
1000042157
1002533147
1002967071
1003838147
1005250164
1005721102
1021940451
1025217761
1026444277
1026737751
1027290151
1030584943
1046882312
1046886829
1047467995
1049679286
1063348474
1064478689
1065378185
1068683736
1069187874
1076337619
1080350272
1082671715
1089955358
1093533317
1097920535
1098577389
1098758913
1099638218
1111406047
1125692028
1126247324
1140565313
1145871351
1155015671
1161836107
1165543480
1171588151
1172691370
1183002532
1202475412
1206550145
1212386659
1212859973
1216970705
1218195228
1220984365
1223209048
1226978569
1227272032
1227727064
1229344024
1229370221
1231272704
1242841529
1243584096
1247143870
1251388855
1256078341
1257327595
1269755458
1281220420
1282148992
1282284715
1287368712
1294497899
1296594738
1299399596
1306693211
1309205118
1311799444
1317413787
1320351970
1327006285
1328329424
1349322699
1356092474
1357173248
1361523635
1365194991
1368056406
1374833488
1379698478
1381974690
1384242920
1388832857
1392472288
1395892525
1398471895
1402770520
1403848634
1413709602
1414356229
1427023099
1428492829
1430550258
1433690885
1434063403
1436065448
1450736511
1462770020
1464867337
1475358867
1482676517
1484952801
1485391181
1487051965
1490079647
1490463934
1495361479
1502737900
1511991950
1515381274
1515883457
1521393101
1523236840
1534969402
1535369810
1536718849
1541366902
1553414857
1563991581
1568420977
1571376261
1572345251
1581181842
1585003778
1585636837
1590272959
1592099850
1606843703
1608195431
1609403382
1614297647
1618448623
1619193270
1621294322
1625204778
1625513231
1626116231
1631246120
1634968935
1639613675
1646205077
1649138415
1658384022
1690610303
1703243939
1704777973
1705946724
1709990073
1712478377
1723628888
1727450688
1730440946
1730960092
1735429804
1739674321
1743938321
1748828166
1755251982
1766235005
1768849943
1777608066
1777658566
1785365859
1789932335
1795005528
1796987225
1804180945
1817789276
1818639754
1819075838
1819388083
1819614873
1822462092
1825335013
1825375994
1838084749
1841116603
1841904433
1843250823
1848892473
1849378785
1850532987
1854776863
1859891132
1860926119
1866864458
1872712005
1880477860
1883124566
1887122365
1887198228
1896105360
1896940207
1901355110
1902897556
1908425079
1909411414
1909431220
1914576059
1916901940
1928144487
1930682946
1932555645
1940041359
1942208918
1951701155
1952666368
1954502297
1955182129
1956870834
1958328356
1959448216
1965596095
1969433981
1972658191
1975965788
1976411533
1978193968
1987445441
1988663403
1993793619
1999530073
2000098168
2000252735
2002513215
2006172553
2008953047
2009183582
2012285740
2015847326
2018718646
2018802326
2027267062
2034606316
2042522199
2050687844
2050791366
2051618235
2051735402
2059408626
2063201611
2063648165
2063651119
2077554323
2080582162
2086154775
2088447537
2090229364
2095659449
2096220696
2107844475
2108123577
2113738902
2116952144
2117157638
2122164898
2125442669
2134489381
2140109985
2141490688
