-2112308135
-2112215552
-2061776972
-1973879118
-1948766509
-1934072268
-1898566012
-1852897786
-1828791427
-1786927639
-1719056941
-1672001562
-1648394845
-1604326017
-1518971931
-1444106555
-1443296082
-1441507921
-1441443399
-1311891809
-1295393956
-1248598603
-1224311254
-992447050
-960401581
-927512880
-856820700
-810744813
-783094694
-774459316
-751825958
-697501777
-674386020
-651269018
-577626659
-444539524
-429028334
-414858764
-390979627
-373746847
-318167802
-299645651
-298938072
-165832354
-158759732
-42945441
40750656
136899215
283361269
310341884
348309700
415265084
476352451
497795593
503779557
511130572
516548200
524849964
591803925
604661826
615446034
634330830
781207408
802726526
864168203
866678135
883128763
892118869
953381183
1013780428
1050768925
1058822823
1061924543
1075933517
1090057910
1101298224
1101988901
1147224263
1190963060
1206273152
1291032185
1306579877
1314836515
1316553334
1372816224
1409253929
1415512429
1419558622
1553156136
1629773741
1680283127
1786364604
1893633264
1906177743
1932372089
1965382714
2036909781
2078126259
2096104992
2103932585
