-2146548905
-2145257450
-2137189968
-2131346172
-2120272508
-2103186809
-2101267346
-2099965661
-2099059488
-2083670367
-2078105725
-2066620910
-2066050219
-2064298544
-2061837722
-2059574865
-2049091680
-2039829662
-2028906983
-2016184572
-2015759282
-2014001823
-2012924555
-2012549643
-2011293448
-2010799144
-2009666540
-2009503807
-2002636068
-1999223145
-1998550488
-1996251899
-1987844943
-1984085683
-1983442087
-1980934191
-1977666357
-1977246452
-1968999621
-1966313320
-1964864948
-1964711479
-1960642513
-1957205277
-1953696768
-1953089135
-1951780450
-1951627949
-1950075903
-1950009615
-1943550341
-1932957258
-1929862073
-1927242329
-1925759217
-1916539718
-1912435566
-1911676666
-1905167785
-1902631489
-1901884324
-1900646571
-1899203535
-1894097300
-1885752040
-1885231884
-1879417433
-1877499461
-1874602157
-1871926502
-1868795443
-1865944193
-1862115004
-1861764655
-1857737609
-1855235663
-1854310183
-1847733938
-1837282182
-1837182525
-1832649990
-1829569828
-1826954454
-1826295612
-1826209579
-1822756695
-1816236214
-1808491897
-1808398495
-1802072025
-1797150375
-1795301294
-1790849525
-1790299103
-1788964937
-1788723133
-1782121814
-1777839608
-1775400879
-1775327778
-1773574487
-1765857142
-1764163675
-1763490810
-1760396617
-1754307809
-1751053571
-1748988820
-1743168236
-1742824765
-1739563844
-1738223092
-1732763741
-1729796931
-1722426838
-1719467181
-1718966866
-1718121939
-1716366974
-1711324631
-1711141040
-1710205734
-1709630049
-1706245989
-1704105115
-1698740442
-1690548799
-1689119617
-1686157659
-1683755677
-1675405292
-1666252021
-1661138765
-1645532368
-1644866912
-1643543750
-1641708141
-1641253851
-1641185298
-1638747203
-1636618527
-1636477041
-1633957804
-1632062578
-1627382750
-1619461703
-1617031386
-1613379367
-1611751611
-1609083253
-1602043017
-1599905508
-1591806818
-1591658889
-1591397823
-1588927717
-1585865688
-1579764109
-1556647177
-1556275766
-1554586478
-1553782963
-1549453745
-1545343243
-1540774138
-1539752922
-1529158917
-1524881640
-1524683202
-1523409831
-1514761762
-1514278022
-1513214322
-1512344003
-1507698777
-1498157867
-1493681309
-1486365730
-1484240558
-1478405748
-1475737004
-1461889903
-1450236198
-1444544170
-1443227548
-1442612069
-1442321517
-1442320523
-1432219116
-1429892194
-1428237934
-1427482207
-1423298719
-1420014163
-1412475600
-1410667095
-1409315677
-1408914553
-1405829872
-1395283638
-1394997598
-1393715080
-1393532289
-1380766449
-1377240257
-1374263268
-1368201537
-1367899983
-1361949493
-1356595884
-1354138194
-1352664292
-1349395935
-1348896111
-1346999254
-1342562270
-1337750482
-1329922741
-1327096822
-1322766668
-1319152867
-1318648298
-1317754850
-1316612428
-1292966526
-1292891105
-1292083882
-1285639961
-1280256389
-1278263981
-1271766971
-1270316905
-1268884174
-1264352986
-1262579334
-1262304887
-1256626494
-1248760723
-1248084526
-1242808926
-1241097265
-1232556891
-1232460484
-1229626253
-1222512560
-1222032258
-1217895957
-1215357125
-1211903762
-1205176600
-1196147845
-1195822842
-1195069672
-1193075142
-1188286268
-1181526476
-1181450224
-1180828230
-1179505882
-1175780812
-1149266638
-1139416869
-1133309075
-1122385595
-1121616056
-1112154650
-1110579685
-1110556707
-1102506889
-1102402051
-1100723396
-1086357272
-1082042516
-1081364173
-1063736610
-1061134525
-1061078963
-1059461229
-1056156816
-1051249588
-1049586619
-1047592011
-1046661151
-1045170471
-1044105627
-1038261964
-1035725874
-1026777024
-1026727999
-1019005303
-1018408525
-1004411219
-999327108
-996819132
-996767091
-996637929
-992523410
-990292614
-985064625
-977743220
-970914827
-961982970
-954269286
-943279046
-941788694
-939189790
-938480334
-928446075
-924885442
-922364380
-915908700
-914666119
-910647860
-902254500
-894201530
-891831002
-863249775
-863082352
-860682939
-854532383
-851361595
-848491223
-846106611
-844417256
-835950000
-834868814
-832732934
-831828142
-825904375
-824741448
-822508144
-821681866
-819502560
-810943844
-806910988
-804585902
-803810930
-799423410
-796118774
-795978526
-794623537
-794280328
-792154671
-784809097
-780154836
-779852202
-777894112
-773828358
-768917643
-759998365
-759492152
-754682624
-746553408
-739091430
-731990673
-723262916
-716653378
-716306463
-708011430
-702686073
-697243325
-690611987
-687925478
-683659765
-678934317
-664632553
-655152908
-651365347
-646040622
-638956700
-635422963
-633063415
-626685528
-624895087
-624355947
-623856894
-622420336
-620567007
-618793988
-613229116
-607911153
-598624866
-595459973
-591050644
-584081259
-582931652
-581019707
-571842477
-568491088
-563561837
-559248562
-559128917
-559045275
-551920381
-547720750
-545221982
-544226232
-541183673
-536174069
-525053377
-518661399
-518341012
-503840336
-497092064
-496440695
-495934586
-489788530
-485286368
-484603339
-478907283
-474384225
-471889812
-468745064
-463153576
-459863076
-458021508
-436868767
-436067685
-435052746
-433323222
-424350175
-424263634
-420958612
-420906571
-419009290
-416874510
-410427318
-409978811
-404872909
-402165493
-400797267
-396102971
-387933013
-386977315
-374355507
-372417505
-368733209
-367500702
-364719864
-362187245
-357691960
-356720859
-356098350
-340309380
-329992669
-323581416
-313875658
-312281002
-304143228
-299248201
-299002129
-293170090
-291117531
-290651075
-289947355
-287344807
-286683173
-286388077
-279525269
-275265129
-272264514
-267483835
-264089449
-263720878
-262819397
-259603748
-253442229
-252700614
-241150744
-238757802
-235107213
-234238333
-229437197
-226553809
-225912828
-224157978
-223355499
-220780192
-217710337
-216080435
-213389374
-213341211
-213034668
-195176625
-194980483
-192138403
-172051811
-158166602
-157520584
-152580045
-144244254
-139898110
-130237258
-129888853
-119140966
-117844965
-115711835
-109411235
-101664379
-92602101
-92477502
-89225191
-86876197
-84253733
-82127268
-71346827
-64822536
-64568867
-54763319
-53176034
-46877612
-42667395
-39742111
-38364632
-33717275
-30009239
-28786004
-26943516
-26856155
-22620670
-19020733
-17667354
-13923242
-3361762
-275188
7032168
8055814
12673518
16196694
22527858
31646955
37940933
40126546
40863129
43369835
44408543
51613685
52481886
53524815
57826343
59453504
67179790
70206385
70571083
76289047
78172551
83639246
85306420
92007612
92611021
93971823
98167195
98723213
110890266
115658849
122996118
126445844
127009491
133419154
133483414
135298661
135558900
141137520
146723368
152746852
158628814
159314968
163155280
168682696
171872296
177187431
178884307
182830322
183563529
202580910
207750151
209060843
217653455
218223245
219732905
223767689
227368693
230273924
236784235
253929498
256287067
263952931
264265448
264480608
274570641
282134580
290688259
291835678
292485373
294116191
295560817
296760598
298460665
304825080
305275404
309667965
314368247
316287870
324369203
325847970
326369653
326891907
327860689
328313402
328715827
335612148
337101445
339505400
346004824
350489857
350682871
353352049
364483374
369985755
374922807
385357637
390647278
390850251
391955342
395886467
396145936
398022194
404388553
421042783
425807642
427335198
430011852
434578964
435076345
439725447
445040139
448233136
452035461
459107785
463335095
463842965
464844285
469541656
470773872
474658644
478205482
482524179
483471598
503550114
504998791
512209427
518710692
527574562
533742353
535742005
540328147
542560743
568537295
580315337
583586165
584269766
586265648
596524616
596773595
600262512
601934421
609490835
614426257
640265503
642426335
647076219
647893334
655479041
656004103
662063622
662283583
664992246
672221862
672961489
674058174
674525262
680464165
680539894
681374324
683449058
686854217
688074159
689579109
689900167
694885544
695936663
697146659
701472042
706715213
716051773
725689025
730948426
733184320
735488979
736266669
741251559
749976284
752987027
756843637
759113149
767414488
769936611
777363192
785444806
789088676
795360017
797411760
799522244
802506465
804715087
805470970
809499000
815521443
821159675
821211632
828962558
831186041
835261003
839282614
843291583
856428897
869515286
898585515
908545083
910605423
913887012
917447841
918336712
918883516
925162613
929800896
935929776
941607415
944077047
945597617
945624257
950411661
950616301
952875636
953504040
954789246
954859685
956877776
960345176
960988373
963491478
968321027
968697383
970026810
971291850
986451471
987765364
997961338
1003821359
1010793739
1015365949
1016126160
1016212215
1019063020
1020746008
1030373192
1033486876
1035138442
1047842042
1052355752
1072933998
1074229382
1079410029
1080549835
1082337025
1086078709
1092941139
1097772452
1100756380
1113591747
1117328340
1120657673
1121155022
1126911215
1131128193
1132680452
1133711196
1145392819
1155123335
1159160373
1159652909
1163005308
1178961502
1179545056
1181610227
1188508507
1194188671
1195796904
1208464876
1210097522
1215065115
1215611281
1217618740
1226136892
1227620239
1233135267
1242957918
1244726922
1249682817
1258667473
1260288879
1260418186
1268327889
1280486589
1286380023
1291381447
1292716520
1295003959
1299935661
1301347242
1307286031
1308960517
1315645613
1325647308
1329815057
1337830526
1344077140
1345264010
1348884290
1360524550
1368539665
1372439304
1377813390
1387099538
1388289248
1393647540
1394296504
1408375468
1420372150
1421181542
1421402483
1428642545
1434523053
1440828140
1445484679
1449932800
1452131965
1463298736
1468768766
1469635171
1473017979
1473472030
1476552184
1483647065
1493197607
1493480075
1497535277
1498179612
1500560861
1503008266
1506567295
1507882319
1509232513
1519327427
1520260489
1521011550
1531114586
1532177774
1533131654
1536341503
1547499715
1549452675
1564669508
1565289587
1567931623
1569415696
1571260267
1584568185
1591641228
1593285676
1598403286
1602554091
1602766618
1605004924
1608817069
1610682882
1611828543
1615205570
1623057183
1626738405
1626903309
1628540261
1633206821
1635340224
1639895278
1649345372
1651475660
1659144615
1662683459
1664379480
1664630393
1665841228
1667999130
1675053130
1677759103
1678924061
1680264704
1688669934
1693843598
1711704531
1717066788
1719420211
1719510055
1721093685
1722716100
1723522702
1723833677
1724183181
1726250080
1728818409
1734446534
1736975398
1741047226
1741444280
1743864180
1745049621
1747449959
1754241806
1762229524
1766571800
1774514788
1796007506
1801241447
1812471562
1817537670
1818645028
1821803351
1823359926
1828980427
1834490611
1835014522
1842449610
1858699831
1862111449
1865299001
1866445666
1866544406
1874408263
1877684899
1879401580
1884898688
1887206192
1900077855
1900124017
1901478331
1904330506
1905783469
1910366707
1916902649
1932819998
1938158694
1952523261
1955068457
1960224018
1962269563
1962781081
1986185317
1986339842
1989531567
1992386928
1994434209
1999809259
2001802991
2002509092
2005140954
2006200405
2008488525
2009204901
2025589887
2026763711
2028755807
2031850102
2034678560
2041873825
2053521903
2063967024
2070920405
2072146846
2075523085
2087493957
2091312835
2094042128
2096582528
2102503471
2126180467
2127419008
2130927359
2136918035
2141957679
2145214826
