-2136175980
-2069941108
-1999060463
-1997477346
-1982370350
-1887077506
-1873011467
-1849065565
-1818415231
-1812710906
-1757597646
-1716194032
-1713505078
-1630812481
-1623787616
-1618915044
-1557549128
-1469201977
-1338823876
-1324873937
-1300726990
-1279438667
-1261289955
-1226893010
-1221459653
-1212912460
-1103636327
-1079976749
-1068537417
-1007389290
-986518083
-835885514
-600098886
-557001631
-503704904
-492899216
-418325336
-363464736
-347877005
-310938873
-294515714
-242780539
-184510027
-157814974
-52785569
-51324636
-10942580
-6959128
15903855
42634404
80695779
93356469
125245539
203465362
338673338
387222753
438007809
447630610
500311550
536913918
570135154
609076196
660263397
672716432
675705312
678520504
685290829
773273715
804805404
838635952
1030192387
1162742351
1191524412
1207566890
1271462092
1283945689
1310740750
1312092035
1350531244
1630340900
1665268563
1669065708
1726133729
1795897339
1809521566
1814782381
1861118274
1872416386
1894367441
1898198107
1899986002
1906442987
1923825436
1938971458
1953779632
1967136976
1987938746
2046050114
2056540155
2098888403
