-2143505977
2144523919
2141837373
2133155174
2131273414
2117123861
2110088864
2109798127
2104065817
2103287292
2095182863
2092191177
2073031547
2062810706
2042192238
2041879471
2039075851
2031319800
2028524747
2024072247
2021095383
2019698527
1991355478
1991226520
1984176465
1979968910
1978554190
1974502282
1962456302
1961126654
1944790340
1936776185
1924850128
1923178993
1915835260
1914791025
1909412627
1908513496
1906303453
1905702143
1902799182
1895434439
1886849568
1886729031
1877912851
1875267112
1874433586
1869451621
1863795456
1855132296
1845869516
1838053268
1837926727
1837906157
1835081859
1831428294
1816139378
1813490502
1810522912
1807917859
1804381630
1802650987
1789666845
1788878134
1787432401
1777107388
1764091392
1762468096
1761817384
1761814330
1758144640
1757680591
1756984373
1756721799
1747918314
1747279181
1746529721
1742642400
1741028898
1739900958
1737709222
1731848572
1725321542
1721643553
1716141183
1715328415
1712914447
1710639141
1709562480
1693083127
1691727596
1688228200
1687487609
1682943267
1681528298
1676551410
1658293032
1655259074
1654421139
1653147010
1646862535
1640553701
1640189491
1638319873
1634022282
1628302042
1623902405
1623007060
1622398322
1619553761
1616779355
1611370124
1606876790
1605665883
1603387224
1602573220
1593460273
1593239338
1593132615
1587515672
1579236070
1576849813
1565104327
1561362292
1553532327
1545138316
1544963669
1538690118
1532563495
1521686826
1511479681
1503165366
1502238138
1500651398
1500388876
1497558804
1496486735
1494049334
1491892650
1488770773
1487543963
1483365095
1479355387
1471230407
1468610112
1468346877
1464431076
1460868152
1460425226
1459210080
1458662736
1445849626
1443972737
1438280656
1434114923
1433978603
1427259424
1420709603
1418075737
1391994028
1372134591
1365960179
1362228058
1358385341
1357687531
1351887317
1327166408
1319069012
1317588328
1312765813
1308211866
1307605587
1300978220
1297401941
1296920442
1290500133
1288090889
1287466845
1286114865
1283960159
1279959789
1278935909
1277548514
1259292911
1255706739
1239537943
1236103645
1235551257
1225730982
1224606295
1221985432
1218475703
1215341268
1199685259
1196682738
1193760963
1189974267
1184777832
1182430816
1176264897
1175454112
1173515527
1167469728
1167410292
1157914209
1155694848
1150835260
1150241731
1148713390
1148634454
1146251846
1143561788
1138793173
1137704129
1124934184
1117439911
1117387774
1109791820
1109144213
1109125626
1106734684
1104301429
1101096202
1100263095
1091418345
1091344712
1088309677
1084713833
1083976607
1083071937
1079986830
1079936486
1077542259
1064437492
1063329610
1049815509
1047758009
1045812007
1036534148
1033377297
1030050565
1028499694
1027240315
1026648411
1026280398
1023651062
1021852092
1012474811
1008303956
1008175593
992270856
988206655
986797421
983516092
978659756
977328352
971708294
965368076
961403967
959583872
952913789
949585046
947337989
940487702
936671075
936558486
934563027
931603182
930309642
929884277
925826878
917259176
912663864
905870930
905180965
904246639
901050049
899900788
897745987
897361741
888749397
885678029
877026277
867192241
866995951
865024364
853331997
851413195
844671302
844415084
844237011
840078901
838772141
836097698
834393291
833462245
831291332
826630539
825068945
820248821
816740701
815373233
813256184
807995233
803679480
801178971
797792199
794576164
793165252
789305217
788115488
786692344
779961341
773901891
770996212
769354778
768453392
767655392
760310744
760302126
759455001
757948704
757923055
757873690
750254951
744654324
738737247
724734103
721647723
715792181
715608962
712287427
712150903
711579718
705290942
692639925
670354905
668253154
665224083
655786146
644988594
640998586
640492552
638969074
636001454
635707861
628328096
628303726
628089767
624372520
622386840
616217473
608371676
607776974
606851807
602054902
601360486
594891993
592121113
589715722
586506791
581641920
581083740
560166509
559468734
558911155
547907018
537805603
524116202
524021797
520310946
517974342
511701360
508867526
502473955
501081954
497950563
495827098
495254968
490530446
487274083
482657999
481102337
473981413
472244030
469140812
465457979
458488176
452234951
445644903
441833644
437625231
436146038
429547016
428663039
421336000
411897584
407272582
402941421
396724887
395303220
391835253
390676883
386245721
384948169
378710397
375845475
371100981
363865178
361820606
360467094
354068680
349111663
347117011
343518699
342314373
330103703
321224369
319689466
308630937
304728153
302226200
293374471
288252810
283563049
280363839
280071174
270585225
268656808
268175211
266866026
264120802
259689890
252908695
250902504
247647468
245314305
227822462
227680919
226157865
220593520
220060808
204916210
201827825
201397028
200571975
197059911
179357217
172140398
171293556
167341145
163459550
156910592
154328810
153937217
149995327
148620756
137316277
136264973
132846207
129188787
114362972
108386380
108075579
102519220
102166930
91532907
86197990
84670212
83860822
82649258
76288994
73634424
72656175
57885309
53266945
45388988
45036922
41164435
39884559
35304204
33574439
32762599
32308551
32148220
29682210
29468148
27512050
10846100
4654285
3099613
-2015365
-5247190
-7338732
-11011094
-22965396
-23198244
-26990326
-29596240
-29752387
-30821894
-31510400
-33493120
-49250980
-49899709
-54471717
-63047386
-76173289
-80234855
-82268724
-82440680
-82600438
-84551613
-91113014
-99833447
-108626006
-114143257
-128357267
-129438993
-138585133
-140501311
-142723849
-153467020
-162082376
-170470586
-172089067
-173143651
-175568830
-178321029
-178678230
-186684986
-193912473
-198295213
-198924157
-199208886
-199479970
-203523250
-204221772
-204841509
-210955627
-213733766
-217081577
-223341365
-223908123
-228660867
-230454626
-231687578
-237872237
-239100947
-239353077
-243441420
-245749796
-246322848
-248290113
-249266476
-251670307
-254784283
-258554594
-263207042
-264171732
-264753813
-266575246
-266753318
-268002375
-271090703
-287136986
-293930332
-297810302
-298865994
-301332013
-309734952
-310141861
-324593441
-328494528
-330396124
-331548886
-334715684
-336394677
-347756939
-349658759
-349759527
-358280653
-359313596
-362522798
-364739126
-367286469
-367945483
-370437954
-378148605
-380179941
-394140915
-398765259
-401380949
-403700880
-404581180
-412849806
-419251133
-420117672
-424394115
-432601941
-435547555
-435596511
-436100355
-436336302
-440737431
-443174737
-451138703
-451650530
-451699511
-453945955
-454269683
-461022494
-462882927
-473415420
-482124839
-485533382
-487729205
-491112009
-493283746
-502427238
-502953615
-507054793
-519491229
-520544125
-525128906
-530431765
-531035599
-533650467
-535801867
-537274836
-538666441
-543529064
-551950424
-552165359
-553052089
-556967850
-566684684
-566795693
-567905153
-568023661
-572452775
-576104268
-581592869
-587523872
-595906001
-600590312
-602064378
-609486496
-609889555
-615156738
-624424288
-640780087
-644655769
-645057728
-652368711
-652496546
-656794450
-663767580
-665608505
-669473712
-672516183
-673267443
-677562644
-678073901
-678157584
-682763692
-683395249
-686474603
-689923391
-691295807
-692741281
-705865509
-706156165
-706973485
-709230075
-714859810
-720898044
-721588121
-731350216
-731443508
-735031142
-736573988
-743645715
-748645481
-752078110
-757150462
-761485927
-766860810
-784065219
-800920598
-815233985
-822555554
-822973082
-823222950
-832509185
-834580651
-838789084
-843181198
-846685782
-853811113
-856607129
-857512177
-858989467
-859673429
-868001013
-868554594
-870314545
-871245553
-872221466
-872779850
-875195973
-878412185
-882581915
-883492235
-884727082
-888495864
-888580968
-896666278
-900015851
-900466578
-901876833
-903041747
-908506094
-909415839
-917860465
-924226177
-928130522
-930337279
-937628372
-938218944
-938832826
-940458861
-942539486
-944263315
-946050988
-956790158
-966223049
-970404773
-979991814
-980960774
-984571385
-992463876
-998305167
-1003371062
-1008401015
-1010678534
-1011413303
-1012684256
-1026373504
-1027641640
-1031440495
-1037094006
-1041695228
-1043060844
-1043252054
-1044179615
-1053394953
-1053452958
-1055114451
-1063521884
-1064953224
-1066038556
-1066273394
-1066428248
-1069207328
-1069240215
-1070571188
-1071707413
-1075515488
-1077889281
-1078560004
-1083711320
-1084582270
-1087857639
-1088199258
-1092401551
-1093489016
-1096182051
-1098731988
-1099555376
-1099887044
-1101047721
-1101151629
-1105419249
-1108573936
-1108702082
-1123026190
-1130769961
-1142034416
-1144689679
-1148998100
-1150762787
-1153945949
-1155093180
-1155924969
-1158447398
-1165878461
-1169470361
-1171291287
-1177001062
-1183162593
-1186028338
-1186509307
-1190447305
-1194416068
-1201808566
-1206543626
-1208116607
-1239605442
-1241422420
-1242947779
-1243690376
-1244816672
-1245130444
-1246631386
-1249207767
-1250541062
-1253163914
-1263965160
-1267774493
-1269799330
-1284141866
-1291488611
-1298319424
-1301032285
-1313207177
-1315303205
-1319598366
-1322035864
-1322651389
-1322723437
-1327595311
-1342406697
-1345151881
-1355523492
-1359604539
-1359680211
-1366907351
-1373926301
-1377707452
-1378701769
-1379862657
-1381977327
-1391222118
-1391339026
-1400331763
-1401105343
-1403373858
-1405120447
-1414238582
-1421453125
-1425051955
-1426598664
-1429405779
-1437299682
-1437823725
-1440678478
-1445188519
-1450440384
-1454021516
-1456580864
-1458396486
-1464954828
-1470361179
-1487591114
-1497854368
-1498456731
-1500593173
-1510882802
-1517496448
-1520015879
-1520560394
-1527055636
-1533932650
-1537955135
-1547389971
-1547476283
-1547776903
-1557369413
-1561685470
-1569668384
-1574683310
-1584576549
-1598808708
-1612479085
-1615420099
-1622774816
-1624042907
-1624742829
-1634003735
-1635075430
-1640889023
-1644878880
-1646326504
-1648938659
-1653113795
-1661814484
-1666768152
-1675922054
-1683622872
-1691442193
-1692127223
-1693731122
-1694312670
-1705373725
-1712966941
-1728211850
-1742851806
-1746131786
-1752847984
-1753138570
-1761300509
-1772188465
-1772521098
-1778557622
-1781034278
-1788229654
-1790527472
-1790821303
-1794274005
-1800286925
-1808089953
-1813286704
-1818017423
-1818545950
-1824299811
-1826404769
-1826764209
-1830283476
-1831930599
-1837118419
-1837193735
-1840524666
-1840860913
-1841883912
-1847200057
-1847891120
-1858622558
-1861602576
-1862151103
-1869210377
-1876235816
-1876699695
-1880036944
-1884737175
-1885453899
-1896677148
-1899047210
-1909683754
-1913155250
-1914344167
-1919493516
-1929052184
-1946311774
-1948365539
-1949968079
-1955150488
-1960188292
-1970149631
-1970163176
-1970247274
-1971189588
-1971977768
-1982272613
-1989691144
-1994041744
-1996910852
-2001576736
-2002934070
-2008364724
-2018244296
-2020971865
-2022973205
-2023041198
-2035555163
-2035815452
-2037848570
-2038640056
-2041930091
-2045722825
-2048555949
-2054863195
-2058281462
-2068470347
-2070374243
-2071134770
-2071863498
-2071884455
-2089764237
-2091479448
-2093857544
-2097790102
-2100103624
-2102537272
-2103262088
-2106033851
-2114252717
-2125598744
-2126022166
2146650673
