-2080705899
2077264702
2039712462
2011204026
2001018956
1985452425
1978365093
1967153364
1926298680
1912630863
1910208347
1872058417
1829467957
1802221289
1753647523
1691883538
1688266593
1683602591
1673303427
1642631904
1600300658
1582296718
1544121648
1499726496
1457719752
1428763221
1383211164
1081298799
1067690830
1063714709
961608563
955631116
938922305
880594715
772406255
731985166
710485398
682073742
680926596
586088413
504968340
488612788
455534384
451247525
398065664
381518932
330876922
317502975
293783595
241766355
209921291
202126879
136278724
99168378
45555640
-1053965
-88450605
-157280573
-170554546
-197365304
-199658909
-262148476
-297889173
-342414925
-349988914
-451276687
-610879392
-675961247
-729603288
-736963088
-785556263
-804276517
-868532892
-1008007464
-1013151896
-1021970835
-1032044787
-1178931594
-1206822532
-1266869895
-1379155556
-1426346808
-1451565606
-1453980762
-1474291624
-1509438124
-1514062133
-1554954418
-1575042304
-1621055929
-1649387585
-1753982972
-1833498363
-1894563257
-1923725380
-1926524822
-1964509176
-2010498674
-2063094034
2114210517
